80 147 25
95 121 76
2 81 139
67 109 44
116 133 143
49 44 138
41 70 19
106 96 128
48 18 80
11 43 145
21 27 66
77 115 11
80 59 29
76 108 16
69 43 49
7 91 142
50 96 10
86 34 139
86 84 124
77 69 132
144 14 12
95 86 29
26 56 83
111 65 134
149 11 70
134 103 91
130 115 65
81 70 68
78 83 107
134 96 131
75 91 108
62 47 133
44 31 136
57 40 90
97 36 57
92 23 140
141 27 16
11 3 57
87 1 38
52 66 122
50 32 104
104 43 111
119 126 84
27 136 134
124 144 61
135 97 49
60 4 81
33 68 22
81 118 17
86 137 27
61 50 118
14 122 34
92 94 95
115 38 99
44 10 69
8 85 107
75 98 111
25 109 122
122 71 149
98 28 32
143 47 148
64 93 111
117 64 129
4 123 127
86 10 97
87 1 149
147 60 15
89 97 76
57 109 111
65 97 108
146 134 19
59 68 25
69 58 52
120 66 43
133 137 5
55 91 143
38 74 4
125 110 80
111 104 94
44 3 119
35 63 62
25 52 77
69 98 49
37 53 94
65 113 28
117 8 96
140 125 60
19 98 132
104 76 26
108 45 111
23 13 78
59 140 133
44 42 1
117 77 18
145 145 60
80 19 45
67 109 90
149 93 147
142 81 112
5 95 77
77 140 75
80 137 120
28 30 28
1 108 118
128 87 109
80 115 140
122 69 50
37 4 50
35 24 72
62 22 33
75 5 100
32 116 85
48 8 53
111 135 78
119 112 142
126 128 39
12 142 87
11 16 143
17 67 148
39 108 114
53 41 21
32 40 20
107 106 65
58 82 125
67 19 62
21 74 55
4 1 23
122 13 54
58 63 104
126 117 112
82 135 144
135 88 50
147 137 112
19 43 79
68 140 100
149 63 92
127 122 127
111 133 37
93 125 90
140 13 66
100 20 141
4 30 35
53 97 6
18 139 93
18 50 25
112 131 98
48 101 104
20 10 126
146 46 127
19 35 4
56 5 52
48 58 48
52 61 63
41 137 114
85 92 108
99 87 13
72 111 50
141 49 94
70 53 30
35 140 113
55 29 52
126 66 128
136 142 139
146 130 97
131 82 112
89 40 54
73 85 59
42 69 55
44 97 53
1 17 51
104 80 10
77 78 29
84 76 76
57 132 73
46 107 122
70 90 30
83 64 133
74 118 93
48 26 149
113 72 26
31 78 115
58 20 94
101 53 83
102 6 38
123 8 87
142 101 141
57 23 66
122 24 32
46 88 30
92 86 77
46 12 125
23 81 14
74 109 75
61 118 16
39 145 35
52 35 84
19 62 71
18 3 99
129 143 31
81 3 122
12 51 34
109 86 117
103 72 70
135 109 15
96 62 124
23 97 90
28 19 115
50 109 114
137 128 96
143 61 61
96 125 19
46 80 47
139 45 25
141 100 128
112 105 10
106 79 136
129 38 53
50 141 17
21 67 102
136 73 45
73 27 93
89 92 61
39 67 99
89 56 122
53 129 73
107 68 133
129 46 136
31 123 49
140 84 79
5 125 55
96 52 73
145 54 19
64 119 105
147 119 137
89 95 81
130 104 101
96 143 82
53 109 102
8 58 128
140 37 20
21 31 7
81 48 114
55 122 34
72 121 23
52 138 40
55 123 52
34 89 81
75 9 62
147 93 17
139 146 13
118 76 109
73 103 81
95 83 144
19 20 51
53 77 7
47 54 82
16 33 72
86 54 36
77 104 132
88 85 145
26 129 69
132 43 7
105 69 101
87 119 20
86 147 63
130 25 13
99 38 32
23 127 41
5 29 17
51 43 12
109 43 104
52 16 7
115 74 7
23 146 76
132 122 55
96 46 113
44 32 17
26 108 75
95 49 9
96 64 96
59 99 107
98 31 83
141 147 85
50 37 120
14 110 91
120 42 4
108 109 16
80 3 105
72 68 109
120 106 52
126 97 101
128 114 113
32 112 5
85 68 39
114 51 68
96 84 15
147 5 57
30 53 32
13 100 148
105 81 39
41 134 122
132 145 74
117 106 21
6 100 74
92 97 61
118 2 48
124 143 113
144 114 20
69 143 112
112 28 128
49 11 97
71 137 36
107 92 7
76 16 34
76 87 83
63 76 124
118 40 37
122 103 96
10 144 23
40 21 60
61 68 75
138 55 94
45 141 58
56 19 37
99 34 25
85 51 146
67 118 72
70 50 16
39 82 57
32 41 84
107 27 34
40 56 99
34 27 110
33 104 29
36 138 109
144 121 47
82 53 83
87 100 92
145 62 88
132 79 7
76 125 131
25 129 137
130 41 35
7 125 58
49 16 64
43 68 111
31 106 106
78 67 37
42 84 15
64 66 8
15 136 128
47 31 63
62 62 103
34 138 68
36 56 29
90 77 101
83 100 42
23 141 21
38 133 28
19 7 69
70 130 80
102 16 143
143 61 7
125 132 113
59 113 93
118 7 10
95 60 125
136 137 129
93 15 136
147 132 67
12 46 137
67 1 113
51 23 62
121 125 41
73 22 38
49 71 69
105 139 7
63 97 6
103 48 65
14 80 134
109 62 39
102 20 71
132 112 57
146 16 67
65 2 105
82 92 124
60 50 136
98 110 103
60 134 149
36 40 109
20 107 136
92 143 100
64 122 50
103 106 106
132 28 54
86 6 86
15 143 78
113 54 105
101 80 87
65 77 19
40 104 34
138 121 123
8 30 104
90 134 18
3 91 13
39 49 98
31 21 62
140 48 102
116 126 130
84 74 42
80 42 31
94 101 125
104 56 143
123 20 58
81 26 114
123 141 102
3 145 60
98 17 107
31 130 41
126 89 56
146 111 73
39 43 8
146 45 71
23 48 14
82 29 108
75 109 8
7 41 18
127 94 100
143 67 141
92 40 26
113 31 52
118 112 110
63 54 16
123 41 138
5 83 101
11 106 20
76 137 31
86 98 52
33 25 48
129 56 59
15 92 39
111 143 17
20 109 53
34 55 44
137 80 138
62 14 24
95 94 101
62 40 125
103 4 45
100 13 80
61 143 74
1 65 108
143 77 26
130 132 35
78 63 42
71 55 56
7 33 73
78 130 110
10 28 53
41 111 104
13 5 143
55 99 30
116 52 4
31 72 19
16 51 50
44 33 118
2 141 38
92 26 7
98 15 61
79 113 61
104 98 148
136 134 64
108 16 118
21 23 3
14 100 16
8 91 41
19 74 50
90 62 4
85 17 115
59 74 20
9 98 10
121 99 86
87 74 121
15 94 149
121 138 23
84 84 25
52 20 99
97 117 131
95 96 104
71 119 142
90 47 88
93 79 97
44 109 104
71 51 83
15 106 69
93 38 105
52 49 84
64 72 123
25 100 2
45 64 73
25 91 111
41 64 103
145 20 66
39 2 27
83 51 9
115 7 126
12 143 77
29 10 9
99 149 30
126 76 40
95 33 96
27 42 38
3 112 83
77 142 73
14 116 66
70 128 127
149 130 81
140 85 106
106 11 73
11 20 143
100 3 53
98 100 33
121 71 139
67 36 98
29 20 8
68 144 143
90 87 119
119 10 42
120 57 79
114 140 104
95 81 114
92 122 19
95 67 60
112 125 38
140 20 147
40 98 76
113 21 75
32 4 135
80 90 114
37 124 147
118 29 71
37 72 19
115 9 117
93 78 126
71 21 110
16 17 61
129 36 120
132 10 28
75 40 117
51 51 92
104 60 54
97 99 41
68 115 44
113 55 147
138 27 70
78 66 100
77 132 74
125 145 73
27 80 60
38 106 62
121 70 136
10 110 33
22 105 143
9 36 58
13 40 94
4 106 2
46 39 99
115 72 25
85 33 26
57 101 139
5 107 104
140 58 73
62 148 60
44 43 38
60 104 52
73 141 88
39 112 17
100 100 70
20 72 57
139 113 58
98 74 97
128 96 11
121 140 127
2 43 67
63 78 142
102 113 73
109 148 84
6 26 115
12 84 4
37 149 48
8 95 41
43 131 121
102 88 100
12 3 93
33 82 136
114 132 127
130 36 122
141 83 66
71 45 4
103 12 71
114 106 124
108 98 55
107 43 57
71 27 106
65 93 39
147 136 81
69 71 118
101 128 129
121 15 139
134 130 93
33 48 49
37 86 75
126 58 43
54 131 32
112 148 20
137 102 55
140 22 127
98 5 148
92 39 144
126 42 76
45 8 10
105 92 4
13 135 96
123 141 76
130 106 139
14 68 94
43 23 95
19 107 64
74 61 87
66 145 127
33 93 12
125 98 107
44 100 10
56 85 109
38 68 38
86 43 77
55 14 48
122 73 122
61 12 148
125 64 29
124 131 75
92 94 82
109 39 30
82 120 85
30 109 122
5 103 56
13 13 52
98 126 149
96 41 31
83 141 56
94 132 104
47 30 145
117 115 26
92 65 86
36 148 141
71 148 21
85 68 10
72 7 141
54 8 70
149 40 14
25 5 8
89 26 137
16 117 87
82 69 22
32 64 69
21 123 3
137 65 144
133 31 80
60 27 41
126 77 82
46 32 114
29 145 68
136 117 90
16 92 124
14 18 142
136 23 72
53 10 138
55 130 65
80 116 142
121 60 55
149 42 15
90 4 97
133 106 87
90 33 25
100 93 44
103 130 10
86 124 84
146 141 43
60 134 138
4 61 131
58 39 11
69 136 92
116 91 32
146 128 129
87 108 66
148 11 78
39 87 116
71 76 111
47 123 28
15 59 73
58 110 54
105 101 44
21 90 26
7 125 143
75 76 141
65 116 76
84 148 128
41 22 130
18 28 145
89 149 2
4 72 39
68 45 73
9 118 70
13 1 40
144 15 119
82 59 43
1 16 76
76 72 83
115 145 148
104 29 101
128 51 95
98 113 100
52 43 16
17 21 66
89 143 18
29 104 29
143 26 45
117 28 4
34 38 37
115 63 90
100 92 120
120 126 36
30 1 44
135 71 96
75 123 118
145 19 14
98 119 9
10 37 93
136 56 85
116 148 67
147 18 149
27 18 13
10 57 40
118 145 60
147 65 5
96 121 51
85 147 107
137 107 101
2 54 8
143 13 149
9 99 70
6 143 125
49 67 42
90 11 111
20 69 30
130 61 63
82 127 20
83 147 79
125 10 146
91 117 114
65 110 38
18 38 38
34 20 108
52 79 99
124 27 36
121 98 113
106 51 20
84 51 81
75 106 19
46 135 135
101 17 25
117 39 110
120 44 14
142 15 78
2 90 81
78 68 69
50 80 140
65 126 84
121 40 38
112 2 147
79 102 51
104 134 128
79 125 57
132 139 36
45 121 37
129 126 119
5 40 79
146 64 21
149 87 131
31 104 71
16 10 84
2 31 25
117 54 29
71 44 16
15 67 85
61 92 29
12 41 34
123 25 33
15 142 77
145 110 94
132 84 139
16 56 16
38 16 18
11 29 4
147 69 32
36 128 101
18 93 29
9 94 141
83 125 26
132 131 75
53 73 7
63 105 39
144 144 60
19 111 105
87 55 92
132 134 69
12 66 134
57 72 61
51 90 75
62 88 59
29 31 134
136 50 20
30 18 31
29 68 110
125 64 49
76 34 48
102 39 47
55 40 135
103 19 26
57 23 15
100 17 73
16 77 130
33 28 4
74 41 54
105 69 84
80 76 116
47 35 108
28 14 100
21 64 23
21 8 108
20 61 127
48 13 110
73 63 68
115 22 72
67 70 105
78 108 90
142 1 45
81 110 118
115 66 63
56 81 20
145 145 24
33 93 55
96 4 36
117 27 91
52 31 119
66 10 5
115 123 19
141 96 123
87 104 27
140 140 38
142 54 65
7 70 5
34 13 84
27 123 117
99 44 144
118 11 101
63 71 131
83 133 143
125 63 45
104 143 75
33 5 137
47 24 124
64 113 15
130 145 75
27 89 129
72 48 123
37 130 11
69 111 142
95 18 72
10 133 91
128 27 72
111 9 107
73 26 24
132 6 64
97 112 29
136 96 91
59 128 91
148 73 99
18 100 100
66 35 47
22 141 103
112 24 47
42 76 28
146 42 27
110 3 105
120 9 105
26 69 1
149 27 26
42 27 31
31 83 66
12 72 127
142 112 19
59 70 59
84 149 76
3 117 110
94 144 79
114 44 97
46 135 120
50 34 22
50 115 117
77 120 132
111 27 74
99 49 69
62 108 38
49 94 56
19 63 38
70 111 10
91 75 40
146 2 145
64 40 92
112 125 114
30 20 104
91 78 21
27 34 109
79 7 148
2 41 49
106 111 115
104 50 21
9 117 5
140 118 31
38 132 94
66 116 93
48 94 74
24 44 141
14 46 78
113 100 145
96 36 141
83 23 130
6 141 81
67 26 120
113 49 25
18 79 40
21 69 122
38 49 91
53 113 149
128 99 58
39 96 10
149 16 127
16 125 126
121 29 125
56 103 21
66 22 128
126 82 99
23 55 61
22 89 85
59 143 36
70 2 64
43 24 62
20 92 90
86 15 100
146 16 94
4 115 96
73 93 144
37 133 125
128 61 5
143 52 139
82 91 58
61 120 77
16 138 15
123 110 37
26 143 111
44 29 107
50 129 35
47 80 4
74 31 53
101 114 58
43 147 61
137 94 38
81 113 70
73 15 143
76 36 27
58 8 146
139 41 131
144 108 2
92 60 23
143 72 128
83 145 141
86 28 40
53 109 101
19 45 58
118 52 28
120 121 51
99 37 125
107 17 92
141 105 95
120 74 1
127 140 124
127 49 94
72 102 99
143 35 125
145 122 33
59 114 131
144 83 107
126 147 136
89 62 48
18 73 111
17 15 112
77 46 106
143 53 23
114 76 74
116 145 2
130 3 73
98 36 25
17 3 79
140 57 25
44 16 81
53 33 39
115 86 28
4 108 95
39 11 112
93 74 73
91 39 44
92 56 100
15 3 121
47 97 121
43 72 110
80 42 100
144 97 21
111 105 133
121 43 72
15 90 87
127 117 124
81 131 146
78 84 123
40 39 52
70 93 132
40 52 74
119 32 76
44 20 42
33 125 42
115 37 107
71 90 46
100 85 24
67 29 18
48 23 22
5 62 134
129 30 132
142 76 56
58 129 42
32 112 69
22 97 115
119 143 110
71 14 100
133 99 109
31 65 109
30 16 66
42 26 72
111 135 82
71 21 98
137 149 111
61 112 123
58 84 133
67 113 97
101 47 101
14 12 134
4 1 9
110 71 147
29 11 92
1 139 60
70 146 123
91 55 65
55 14 137
40 118 28
50 117 142
119 73 70
12 8 126
26 68 30
84 33 1
129 147 7
77 27 16
116 70 20
20 49 44
36 51 148
98 124 66
19 87 25
125 51 111
32 140 45
110 111 78
133 40 85
15 133 60
89 136 92
85 97 105
34 93 48
147 115 64
41 96 112
15 71 4
140 65 38
121 78 99
79 46 107
34 1 140
118 135 41
55 24 43
120 118 14
64 62 29
129 4 95
73 92 38
142 106 115
107 20 133
79 140 112
2 104 92
93 134 73
116 114 119
56 24 94
1 75 108
101 43 91
68 116 57
95 74 88
138 134 62
146 10 100
128 101 5
79 98 48
112 21 13
46 144 143
61 98 140
41 118 53
138 111 113
122 35 7
113 92 108
93 33 146
135 23 22
32 33 139
45 135 25
146 68 44
149 83 66
139 73 85
17 35 119
109 49 149
145 136 21
52 80 132
116 102 122
146 19 65
88 96 67
135 126 144
47 87 6
119 138 51
123 82 69
111 97 87
99 34 96
40 40 19
19 31 61
25 137 83
52 39 27
82 119 123
25 110 73
4 131 123
149 103 42
40 50 63
56 110 131
129 135 89
62 18 74
95 48 14
79 136 149
92 5 8
65 63 126
114 39 107
83 87 17
116 125 89
21 146 128
127 5 68
39 66 39
128 33 110
45 130 128
60 25 117
138 135 71
38 67 54
49 149 129
122 147 137
71 21 147
114 91 145
48 2 116
25 36 87
100 78 17
61 131 129
68 128 76
65 114 124
103 133 74
99 20 35
3 104 126
14 21 92
149 12 84
26 10 95
40 60 141
24 35 4
145 40 128
139 142 28
73 62 108
137 17 101
108 31 115
107 38 62
142 115 68
122 112 20
100 119 41
10 3 99
144 58 39
90 97 134
8 64 90
1 58 39
115 113 129
98 127 38
79 127 35
16 104 104
26 133 17
44 32 133
47 132 17
138 81 67
79 138 47
149 46 58
144 81 29
13 115 123
91 51 132
146 47 134
140 135 28
34 89 68
72 42 26
94 127 60
107 109 11
35 16 64
1 110 98
123 84 116
142 112 83
55 130 125
130 136 38
5 52 55
24 38 8
62 33 145
32 133 12
142 88 47
14 52 108
142 49 32
71 136 69
11 119 127
36 141 120
33 106 48
146 26 39
34 133 147
14 142 106
127 4 66
47 4 14
40 82 53
136 72 145
96 78 6
65 112 61
121 83 71
53 99 22
93 91 54
143 77 124
76 125 84
36 136 111
130 3 97
149 128 55
93 142 106
12 128 105
75 126 53
24 75 38
126 125 136
82 148 61
77 134 121
118 133 140
35 53 25
57 149 122
28 38 114
78 137 71
71 129 17
13 101 115
50 95 57
109 19 143
129 14 84
40 99 7
54 91 37
74 76 36
72 20 31
95 86 61
31 143 30
13 10 60
130 120 4
109 140 89
1 124 91
15 9 128
58 86 38
68 79 69
105 83 115
85 95 70
115 8 17
24 7 4
59 36 142
96 49 120
47 67 60
17 51 47
94 12 117
134 18 60
102 89 20
79 97 41
76 138 78
5 42 98
118 110 20
23 116 19
64 120 138
79 125 96
99 102 82
49 7 143
54 68 135
10 129 74
6 96 136
62 61 52
49 29 109
50 111 61
40 120 32
55 91 62
51 45 149
113 89 74
124 92 2
105 120 118
9 131 21
31 125 109
79 96 14
65 67 100
142 111 49
93 52 78
60 75 146
80 35 73
57 117 42
75 15 109
100 81 68
128 9 2
93 19 54
13 120 1
56 27 87
24 53 106
146 3 120
8 24 26
133 137 119
23 148 87
75 24 95
17 119 139
13 40 92
130 94 45
119 4 9
27 38 92
90 5 19
70 134 110
87 115 76
145 7 119
120 116 96
109 8 138
15 41 77
90 140 42
49 38 3
86 133 90
143 48 141
84 102 143
45 149 84
30 74 44
57 24 9
6 84 144
68 28 81
125 71 14
120 101 100
88 42 113
143 71 146
70 25 117
135 136 64
124 53 17
84 142 118
40 5 29
20 45 58
101 21 37
84 142 75
146 78 23
51 89 29
71 1 1
30 66 68
49 105 11
66 62 79
105 41 148
91 124 80
101 17 64
20 19 103
48 141 35
78 144 122
60 3 84
134 87 44
101 77 56
68 102 46
21 70 51
124 22 45
112 96 14
82 22 28
40 131 64
149 1 2
31 73 29
24 9 125
39 101 109
45 89 63
105 142 128
143 32 142
144 26 31
30 61 132
62 30 113
17 43 13
66 91 95
80 123 69
112 41 132
19 123 124
105 11 112
73 89 31
69 19 45
40 108 57
64 70 132
90 149 71
144 129 4
79 41 39
19 33 5
73 109 138
66 26 135
29 6 77
17 57 108
103 97 73
93 119 70
48 27 132
80 142 22
74 31 57
128 132 56
142 107 83
49 90 4
5 88 74
105 119 76
94 92 111
111 83 10
148 107 117
45 9 80
67 8 63
18 109 53
52 26 51
11 94 44
114 75 134
13 74 10
110 28 8
109 135 16
30 75 10
130 125 67
112 70 127
69 49 47
87 122 118
68 124 15
146 5 42
133 55 79
38 116 114
131 73 115
138 122 72
147 111 133
53 38 86
130 139 109
144 129 77
47 51 29
1 90 77
145 44 116
107 61 127
71 26 60
139 21 39
5 106 15
1 35 113
43 35 134
18 9 92
31 6 117
9 100 100
72 90 85
80 65 42
45 66 131
95 131 109
37 119 47
133 102 65
85 81 84
84 49 123
14 68 21
24 41 70
15 136 17
79 39 105
122 48 4
33 112 76
106 106 131
22 110 121
10 94 138
49 81 98
13 30 108
147 10 129
63 82 111
27 134 60
145 104 60
91 120 4
17 41 37
48 16 35
82 131 126
38 18 126
125 141 101
95 6 102
72 25 143
17 30 15
142 73 128
143 59 21
101 49 80
142 114 114
102 97 14
138 7 25
12 121 34
31 8 15
78 127 125
140 127 148
46 53 34
19 44 38
18 137 59
105 148 22
76 28 39
42 27 17
50 8 95
57 121 33
62 76 79
15 66 84
51 89 94
116 16 71
10 140 67
27 119 11
40 115 119
63 146 55
64 124 37
146 59 145
42 126 81
140 79 131
23 104 3
144 101 57
79 8 31
124 143 36
7 58 102
58 89 34
145 119 36
110 100 91
35 105 24
49 118 84
22 36 96
59 2 127
127 140 3
119 62 50
19 7 38
32 36 49
98 107 100
138 19 39
133 21 91
115 87 124
103 32 110
122 56 33
24 124 46
30 102 5
98 147 41
66 146 27
1 71 102
32 74 93
86 96 38
49 45 105
38 116 127
145 10 128
38 124 11
58 130 54
51 142 107
39 14 51
50 2 92
75 149 62
89 136 128
79 59 134
109 109 66
102 122 9
57 90 134
23 33 8
110 89 31
120 58 63
145 126 87
40 106 146
146 4 111
42 102 114
61 42 72
65 130 4
93 27 145
50 110 139
48 97 148
51 105 52
4 110 68
81 128 39
3 8 42
25 48 112
92 42 84
79 112 138
41 63 9
22 35 138
20 143 34
91 100 120
108 37 61
70 31 148
80 36 51
63 75 22
143 23 134
58 147 59
96 19 50
4 133 6
57 67 6
53 55 127
6 98 142
132 2 91
37 40 23
99 78 72
19 35 54
2 34 85
128 44 148
15 130 8
58 88 49
79 68 88
43 52 112
55 18 77
31 81 10
22 105 23
121 88 71
20 6 69
123 119 136
108 74 148
95 28 86
74 126 5
26 106 77
135 15 97
76 19 13
137 111 50
120 63 44
19 38 131
73 135 144
71 64 13
88 58 113
30 38 8
130 35 140
107 113 63
43 52 59
42 102 115
4 89 38
149 62 147
13 7 6
67 1 101
58 42 26
43 47 146
38 99 106
96 25 59
131 29 64
47 92 80
77 9 5
117 48 67
21 149 87
110 35 12
63 7 84
15 137 128
91 42 79
138 2 7
54 80 125
107 69 105
146 148 40
100 48 55
65 136 110
91 11 26
72 3 108
96 122 20
26 114 28
50 99 2
17 94 51
17 125 106
73 8 104
81 116 42
21 69 33
11 46 60
73 8 133
131 94 79
43 144 74
147 137 84
106 77 32
9 128 66
49 68 32
107 10 83
46 48 81
65 25 122
59 116 53
9 95 13
15 21 124
125 132 84
62 6 28
99 96 44
79 27 103
52 96 64
40 93 92
103 52 123
125 62 66
119 33 133
139 56 144
104 11 62
19 136 14
75 44 13
4 117 116
45 80 26
9 16 83
116 101 72
148 117 50
102 73 75
80 129 131
139 68 112
31 146 14
101 99 82
72 132 41
73 33 41
121 27 79
26 42 135
77 77 33
96 44 124
30 108 74
24 37 77
114 122 79
88 28 5
118 131 92
28 25 50
63 26 138
149 139 40
149 41 146
32 74 121
90 115 6
46 53 8
50 133 31
108 97 7
73 3 12
101 10 120
102 77 138
51 26 138
141 82 13
86 64 60
76 3 94
13 84 9
97 22 74
74 70 56
65 16 16
37 83 133
145 94 102
148 148 17
111 148 29
64 39 103
88 138 144
136 34 85
147 108 34
12 37 17
103 104 36
97 56 109
70 113 122
86 89 47
25 149 88
48 71 64
67 7 131
88 127 74
112 147 57
89 89 134
70 78 39
46 41 120
49 7 99
85 35 17
88 6 19
30 114 98
31 93 33
140 51 21
7 39 28
25 121 43
63 87 99
131 34 31
89 51 120
83 72 6
75 79 62
74 15 1
135 132 100
122 149 28
139 113 7
29 103 69
147 53 87
129 105 116
31 4 66
71 78 108
103 79 144
99 115 59
132 60 43
111 21 108
34 39 57
20 115 70
144 137 38
118 18 95
88 66 138
94 119 76
4 97 98
49 33 50
94 2 2
72 101 93
40 13 143
94 110 91
16 123 41
56 133 37
119 49 87
102 24 30
94 125 132
113 25 87
81 101 70
5 147 126
110 114 6
10 48 111
149 126 114
139 81 85
51 128 14
9 46 69
66 76 56
93 85 43
46 119 143
16 90 48
93 117 81
50 83 74
65 147 135
120 141 127
63 99 33
10 15 71
19 7 34
117 114 125
70 120 71
6 108 147
47 129 88
15 44 100
76 72 78
96 145 55
2 131 54
103 64 53
131 80 90
88 101 67
148 42 3
53 13 142
22 62 89
149 62 30
5 12 76
148 24 114
140 89 22
117 2 146
56 33 4
141 90 37
111 2 72
139 28 76
65 18 23
64 30 88
141 46 121
50 110 38
75 41 27
79 63 92
55 58 114
125 45 87
120 106 125
15 22 113
51 2 74
99 112 140
88 10 73
9 117 61
43 86 144
32 78 88
105 99 1
21 1 55
62 117 16
67 84 116
46 93 71
95 31 104
37 88 26
129 35 149
132 122 148
29 17 18
107 141 86
100 7 51
35 1 31
136 120 11
32 108 122
69 63 49
93 137 112
20 63 124
110 47 4
42 124 108
60 127 124
25 71 76
42 144 28
139 126 142
144 22 115
58 16 40
66 117 16
29 62 101
120 17 1
143 47 81
47 6 15
103 95 54
20 47 36
132 5 101
112 142 96
121 47 138
91 86 86
50 113 68
119 69 147
111 34 17
32 87 67
107 94 35
44 129 79
108 78 4
117 10 7
100 81 17
20 45 136
105 142 35
22 131 77
23 18 142
40 115 75
141 83 78
118 121 78
7 46 118
11 113 145
6 121 63
111 99 28
52 12 53
144 113 111
133 82 101
9 65 120
36 112 119
6 39 85
132 93 27
92 4 116
143 46 45
142 86 124
131 107 3
104 37 86
43 122 39
122 49 79
99 91 116
54 1 113
8 13 120
22 107 115
107 19 69
48 146 131
4 5 142
62 106 12
120 131 124
46 149 149
90 146 138
100 20 106
104 108 113
11 90 58
6 137 10
59 75 51
104 84 82
51 3 86
29 13 131
63 105 69
61 18 9
73 99 118
127 143 113
66 109 2
133 148 20
8 146 134
101 82 137
9 123 139
64 33 4
106 126 146
99 147 50
86 82 45
116 51 98
28 140 126
94 95 71
11 122 103
22 107 124
92 51 87
149 148 107
111 117 5
52 117 71
113 121 118
2 77 72
102 89 6
68 126 113
19 75 6
73 18 115
74 29 140
95 65 37
20 114 9
7 38 143
17 74 59
139 102 78
23 104 123
71 94 119
121 57 107
111 86 135
83 121 50
85 61 59
85 106 144
100 128 15
50 15 68
28 14 46
27 61 144
92 9 143
57 9 148
32 23 99
124 70 4
12 14 11
68 123 55
12 38 49
126 92 69
12 22 95
83 30 75
125 53 95
71 26 118
118 62 68
39 145 109
77 45 126
148 62 29
28 41 35
42 127 15
48 101 10
52 143 88
46 145 12
73 7 34
38 4 72
12 107 57
2 56 79
46 116 140
145 4 103
21 145 3
38 94 82
144 103 5
41 144 105
83 130 131
85 133 12
118 121 63
107 55 104
34 11 62
24 89 120
122 23 25
145 43 101
137 60 134
83 7 103
80 91 101
100 24 136
70 5 103
15 14 68
140 22 117
142 113 35
119 76 32
59 58 97
17 90 25
50 134 124
22 60 118
146 13 116
46 41 130
26 142 123
140 140 2
120 87 81
43 43 90
87 141 12
97 35 108
146 144 108
15 34 66
65 139 91
143 48 7
147 129 4
1 131 45
74 69 37
84 80 74
46 59 119
123 45 148
93 121 90
132 125 112
29 61 108
137 61 100
106 36 14
58 122 37
117 58 54
101 124 143
136 106 43
52 104 132
99 15 70
74 95 107
95 135 121
83 23 149
99 85 108
17 42 87
17 76 115
55 95 33
139 130 44
143 17 128
59 94 32
68 125 30
112 46 74
67 139 82
70 69 117
143 48 30
134 116 118
146 104 102
36 115 20
90 28 68
39 112 147
49 130 106
49 64 95
13 138 82
101 46 62
148 58 135
142 86 16
16 69 132
28 119 45
5 138 127
79 4 124
10 109 72
26 58 89
74 60 113
25 23 63
138 66 137
100 90 13
140 92 83
120 148 103
89 140 14
5 82 59
90 15 62
121 11 90
28 50 59
125 81 65
82 42 71
7 1 18
99 104 64
87 32 135
72 6 59
78 68 101
134 105 136
32 16 66
99 95 21
70 129 51
92 57 118
86 99 112
90 101 82
135 112 119
146 70 80
103 31 18
147 67 97
100 118 17
15 54 123
46 43 110
99 134 36
72 145 88
120 32 43
8 50 81
37 146 129
41 118 32
82 77 49
79 64 127
138 116 3
86 31 100
94 142 128
116 81 93
149 96 114
100 75 108
8 68 49
21 2 52
6 17 128
59 31 116
22 46 103
125 149 147
123 126 93
58 48 146
31 107 63
77 67 27
25 85 145
119 98 71
38 12 35
110 64 141
34 134 63
136 114 48
108 76 58
4 47 30
74 91 71
47 99 98
143 82 114
62 144 22
89 34 83
126 40 45
101 113 135
28 86 83
78 45 15
116 101 127
79 73 105
84 11 124
18 84 71
126 30 40
26 110 99
95 142 40
29 34 109
140 11 144
87 104 85
118 107 136
65 102 100
30 63 133
126 8 90
147 66 44
118 23 10
104 139 63
104 26 105
4 75 70
136 148 117
137 138 59
16 79 135
28 117 71
19 23 12
103 101 8
135 124 147
89 80 27
53 80 129
92 142 12
138 96 49
34 107 147
102 59 35
146 105 55
15 35 36
101 40 107
28 59 25
98 125 124
24 124 102
124 17 100
43 57 44
45 70 139
38 3 53
132 79 82
78 96 34
105 102 64
9 34 77
111 126 56
147 30 34
140 40 141
21 90 49
86 80 138
109 50 84
137 64 117
100 142 76
143 1 101
8 57 87
26 53 92
111 14 30
97 57 68
40 33 146
76 87 105
5 9 106
21 66 21
45 100 36
149 37 90
85 50 88
63 111 66
55 89 133
2 100 12
84 78 103
105 95 143
21 27 55
29 139 46
32 23 91
123 20 7
32 121 115
25 89 43
74 117 96
76 85 57
38 113 22
65 143 90
22 37 4
137 83 122
34 94 11
82 15 32
148 70 83
59 51 120
82 60 139
76 43 18
36 104 97
70 147 121
64 46 62
113 41 38
12 27 114
82 89 32
148 33 92
45 147 68
87 143 22
53 146 129
17 144 55
65 106 76
2 102 2
48 84 93
90 25 149
130 93 83
110 141 66
55 142 122
93 84 102
104 65 105
51 51 66
80 19 104
17 109 116
63 125 149
43 59 64
7 7 144
146 66 124
130 62 110
32 111 127
39 97 56
99 127 14
66 129 12
18 15 41
65 55 88
58 112 126
146 88 146
2 14 57
147 138 38
17 130 45
71 118 11
110 18 5
6 123 35
18 59 132
94 90 13
148 131 125
97 75 76
64 127 53
77 131 41
66 14 120
49 102 44
99 123 20
121 69 31
50 82 16
76 133 122
92 45 29
100 110 129
36 40 108
9 87 11
39 4 149
102 10 86
60 7 122
100 105 58
122 78 92
115 21 16
28 54 18
10 15 52
123 117 58
90 112 81
9 10 52
144 85 127
54 126 83
144 121 16
148 101 117
116 33 72
46 13 96
86 119 50
39 108 147
36 14 29
76 143 110
91 60 85
67 71 61
135 107 36
40 117 39
97 27 84
58 6 52
112 80 111
103 40 146
102 100 51
129 7 67
12 79 29
58 31 143
104 25 95
1 17 126
32 55 25
74 88 145
30 39 56
117 114 101
24 50 70
20 143 123
91 13 87
1 74 136
40 81 121
22 7 70
66 59 64
75 64 66
32 135 13
50 24 35
16 33 25
114 117 109
57 12 149
119 75 123
10 106 82
86 104 4
133 17 129
8 57 28
50 82 26
4 79 14
96 43 127
5 132 78
55 148 123
36 87 118
114 91 125
75 129 77
4 1 15
85 115 31
48 40 85
144 38 67
26 46 147
35 66 104
107 65 9
45 127 104
4 44 83
38 133 53
34 63 40
18 111 29
126 110 82
106 74 79
143 38 78
99 74 6
65 92 21
95 36 77
124 133 55
101 58 143
16 133 64
116 108 29
65 25 64
47 78 49
80 60 51
19 25 146
26 83 1
141 118 77
35 56 27
118 21 134
84 74 122
41 124 23
2 27 52
86 63 69
21 46 41
129 24 125
69 104 14
56 131 89
61 77 79
55 23 72
18 149 55
120 115 138
70 71 128
143 31 40
142 65 130
21 21 64
36 129 65
129 114 12
148 16 121
62 27 55
136 23 82
17 71 98
96 113 90
59 116 67
43 110 102
24 149 141
15 7 115
80 73 122
15 80 51
43 72 132
55 96 142
45 96 35
69 141 33
8 75 135
91 128 24
84 2 128
8 97 91
36 36 36
68 46 11
18 77 79
10 114 110
38 80 12
55 129 67
2 13 9
16 141 103
53 77 67
19 43 85
60 135 132
78 78 123
113 15 122
114 133 117
6 26 77
17 111 41
67 136 46
67 137 60
62 77 124
17 14 43
20 81 108
63 124 42
138 9 48
107 88 119
121 9 39
13 63 74
78 127 58
138 83 64
23 122 51
81 57 115
147 105 123
88 61 43
113 137 115
27 144 148
23 78 121
101 108 1
135 77 41
136 114 61
57 112 95
65 57 34
81 55 10
73 23 18
117 71 71
22 114 106
40 111 145
100 84 46
131 127 8
130 56 107
47 138 67
47 38 92
110 20 7
148 92 139
42 112 90
16 57 115
106 117 69
84 32 19
61 90 45
3 30 91
21 96 14
143 58 13
37 141 109
84 90 1
131 25 70
147 84 67
127 14 59
9 41 96
34 100 110
124 28 29
51 59 82
137 28 84
149 126 46
35 125 29
131 11 45
79 122 113
93 102 24
52 42 74
130 112 123
38 143 15
78 43 12
27 116 33
39 83 63
13 130 18
104 101 43
49 68 149
61 124 20
38 44 67
43 56 54
3 89 73
137 3 123
103 33 84
75 128 28
4 59 117
13 118 50
45 107 71
76 57 77
45 59 12
107 138 1
126 17 95
25 90 129
115 24 89
99 44 57
90 85 129
128 136 124
74 81 41
81 144 87
13 42 39
67 3 85
89 98 29
28 31 136
96 41 30
34 20 60
93 10 89
29 49 81
67 30 87
87 134 31
145 123 81
75 52 72
98 25 48
104 37 16
5 120 96
111 113 67
18 97 57
122 54 84
138 84 77
102 20 56
37 115 8
121 58 54
71 82 99
38 66 20
79 147 149
113 148 58
42 120 102
5 90 13
146 74 67
81 142 102
122 131 113
40 136 3
46 54 81
106 49 85
129 47 42
59 42 132
95 124 21
66 94 61
80 59 118
91 35 2
64 130 48
82 47 114
94 112 99
4 88 104
127 103 101
149 97 39
51 125 18
60 117 2
89 118 110
75 122 31
113 57 2
143 7 133
119 92 11
126 74 142
100 88 15
139 142 135
74 80 133
71 64 128
41 107 134
38 73 18
46 11 64
61 20 67
73 3 126
89 34 132
125 26 139
31 73 3
60 146 72
141 40 50
140 33 81
116 34 121
91 12 144
18 40 1
57 70 68
57 23 113
114 92 128
92 78 95
45 96 38
69 76 108
108 122 108
21 148 73
41 37 67
19 104 113
29 8 136
148 66 60
4 106 16
101 125 37
128 33 49
136 138 45
140 8 112
27 124 68
143 19 37
80 146 109
128 76 135
147 58 66
25 28 8
70 44 139
70 112 10
9 113 71
17 106 37
143 110 43
46 66 99
36 28 52
123 59 93
149 103 41
15 60 98
119 85 119
103 90 115
106 32 39
44 65 77
105 117 113
144 109 35
120 60 25
142 118 89
67 18 87
3 90 69
20 100 146
126 55 127
23 41 116
42 114 3
135 142 111
86 123 119
149 44 28
78 118 75
35 49 144
136 33 101
29 20 144
55 7 117
38 112 125
77 103 76
50 117 32
24 50 137
58 48 126
27 117 36
90 70 144
96 84 1
19 80 82
8 9 15
129 103 40
64 59 3
62 84 126
50 136 143
50 33 139
77 86 51
31 2 105
144 56 123
102 44 145
26 112 14
111 40 3
125 42 1
125 42 14
10 120 138
125 40 93
116 19 129
114 79 97
103 16 71
128 66 116
122 94 29
87 124 83
35 88 53
80 91 107
24 52 79
143 119 123
8 117 94
120 38 5
105 65 124
60 97 55
105 139 6
32 145 87
81 77 115
55 33 96
40 131 141
56 39 96
129 95 16
130 7 142
144 109 14
118 83 148
117 16 134
77 2 36
19 31 68
94 121 83
13 10 5
50 38 98
127 73 96
9 80 123
89 94 27
30 10 140
13 31 40
124 92 128
107 59 105
93 82 124
12 86 81
81 116 30
40 48 109
133 128 72
52 125 3
51 60 142
63 126 78
122 71 94
51 126 47
58 55 43
88 8 72
51 6 17
144 32 88
123 96 34
44 79 72
26 62 67
103 135 121
17 4 92
119 139 144
112 112 39
79 26 2
4 117 106
7 103 103
129 107 90
105 16 123
52 48 138
28 111 96
68 13 15
106 6 96
122 137 146
134 6 132
50 23 89
32 39 5
58 64 21
120 92 13
51 140 50
94 99 40
143 147 5
18 110 108
83 48 33
38 108 144
76 104 140
20 11 93
24 102 122
143 31 74
56 133 23
31 136 3
36 124 49
6 148 53
93 92 149
109 144 112
93 39 30
96 115 46
37 93 147
144 48 84
138 49 30
104 148 149
120 134 35
91 17 125
116 132 120
22 30 102
12 38 114
56 64 59
24 91 10
1 113 30
100 52 92
80 130 111
23 57 45
74 138 49
53 47 39
145 74 39
103 84 84
82 100 11
50 60 7
145 6 140
107 63 110
41 144 95
7 95 136
85 102 135
131 46 20
115 112 107
120 19 61
102 74 55
115 9 120
22 84 67
81 120 137
44 6 109
30 65 96
91 120 35
52 26 23
67 65 140
8 13 146
100 113 22
109 134 141
77 95 129
108 90 59
96 20 55
28 5 83
8 143 74
148 128 87
41 116 83
34 117 13
92 78 74
50 111 129
71 11 20
3 99 48
49 23 55
17 83 58
105 28 121
33 4 106
31 98 24
127 116 140
79 43 37
9 2 146
24 143 140
142 76 12
138 62 45
9 18 134
138 35 129
5 13 86
91 7 24
99 141 79
9 72 13
101 107 98
129 27 64
74 95 11
30 62 114
82 104 74
44 141 88
135 133 9
148 32 64
37 91 99
28 57 45
54 103 130
144 32 74
113 63 57
130 42 2
33 139 3
10 116 18
55 92 144
126 15 129
144 146 35
134 119 141
35 84 113
135 37 58
139 96 87
59 148 16
44 99 100
66 51 118
49 30 13
86 18 117
134 86 3
101 90 131
133 84 143
92 66 116
138 8 85
115 62 84
51 53 9
131 14 89
99 61 25
83 48 124
63 99 76
139 91 35
79 37 50
84 61 14
26 88 66
118 42 146
23 28 58
54 8 28
142 11 142
2 107 102
115 5 98
23 130 52
65 147 105
38 107 53
71 108 65
26 94 121
84 142 3
69 36 1
6 117 27
101 52 77
37 118 126
19 112 72
3 15 4
64 107 142
14 9 103
66 32 136
58 23 106
119 84 57
53 132 147
144 89 66
66 115 66
40 117 13
80 88 1
94 52 21
74 32 37
72 80 53
45 65 127
111 114 134
48 139 135
31 2 4
5 123 6
109 124 138
54 45 132
41 141 67
111 115 91
10 49 143
37 64 54
24 69 53
104 95 89
130 90 113
125 23 9
85 29 59
98 65 129
61 89 81
84 107 30
41 99 35
101 126 90
59 34 148
137 58 32
79 7 33
96 101 14
71 4 28
17 34 70
142 33 98
132 21 62
129 23 29
132 64 5
29 49 128
32 61 140
147 126 112
64 78 19
56 144 117
65 47 31
72 24 123
149 34 93
146 56 55
140 6 13
34 29 120
31 148 71
35 89 123
53 138 19
92 91 78
75 91 135
14 15 126
146 49 128
115 96 35
149 13 56
123 144 9
36 41 143
81 89 84
24 62 86
43 110 56
107 12 146
124 28 18
41 66 48
140 131 64
124 4 62
39 79 136
58 89 31
5 133 82
137 17 124
109 9 49
5 2 126
26 40 95
75 50 47
48 50 137
45 51 56
68 27 13
108 141 69
20 105 49
75 50 85
69 21 82
76 49 126
143 80 96
65 90 4
83 98 97
118 33 108
105 149 57
39 96 27
104 75 75
124 90 80
59 146 102
110 2 30
109 64 37
74 108 58
111 39 108
73 81 31
69 137 37
30 18 28
104 140 76
69 107 55
2 17 84
14 10 67
146 136 96
139 23 13
6 48 95
96 69 58
63 79 14
144 99 142
133 77 108
7 109 42
133 72 26
72 118 116
111 69 29
23 120 50
49 18 6
138 138 6
16 29 77
107 10 18
147 141 37
29 94 82
135 90 142
80 122 21
111 38 118
88 2 122
53 42 23
149 8 51
102 144 5
65 29 69
122 93 1
17 61 129
139 47 22
66 111 2
87 139 64
47 83 111
26 67 27
115 21 69
45 77 20
102 30 51
106 140 136
122 139 96
112 89 116
69 73 53
140 131 15
24 139 6
122 56 36
83 135 81
61 33 127
114 71 140
127 49 29
60 115 36
16 22 19
112 23 26
58 80 149
103 112 147
17 149 134
137 136 67
147 64 69
122 104 127
63 107 137
115 21 56
148 113 110
140 30 107
145 73 32
110 1 138
92 114 6
58 9 93
11 134 13
43 78 77
147 132 3
8 144 121
62 119 64
73 23 107
60 55 18
13 17 33
27 92 15
85 28 20
114 134 4
106 52 3
103 13 82
105 87 147
44 39 21
42 59 18
66 102 105
14 111 131
37 98 98
140 68 142
28 57 119
137 100 64
81 146 20
93 94 2
123 36 43
143 30 79
4 110 98
125 61 63
24 136 113
28 132 94
145 141 60
128 10 146
115 61 88
140 127 117
57 110 49
1 132 117
48 123 26
35 136 37
19 40 131
95 16 10
3 14 8
127 34 24
73 66 139
75 118 58
67 44 31
72 52 129
116 139 39
70 3 113
122 112 132
21 36 127
21 101 16
54 39 127
106 112 149
89 45 79
68 100 87
50 26 115
22 46 17
146 119 144
133 117 132
136 92 118
110 110 81
72 110 62
132 54 6
142 18 138
143 120 129
35 134 88
63 126 118
90 4 23
66 127 54
129 37 10
26 65 141
27 135 92
39 3 26
3 45 51
139 64 37
58 47 5
105 76 100
109 94 34
109 30 64
16 116 30
85 88 144
78 70 46
142 129 88
110 8 7
24 89 63
136 84 144
139 48 127
72 17 101
23 112 61
1 48 67
139 103 11
76 127 106
19 137 80
49 132 113
60 69 125
8 62 54
93 24 104
74 49 121
146 123 88
92 97 122
84 10 18
149 142 49
4 46 94
144 12 135
115 148 77
43 75 116
89 45 146
28 59 17
129 116 19
48 99 138
134 123 116
111 30 108
138 121 90
125 126 85
70 80 101
57 132 106
73 147 116
46 32 145
111 11 23
103 4 36
55 39 69
116 135 7
129 63 106
102 38 12
94 24 120
5 139 56
109 78 65
57 61 110
114 17 91
47 74 58
47 90 68
87 93 80
56 132 67
15 62 120
110 23 95
120 97 91
9 29 101
70 131 10
74 54 28
133 34 137
53 20 142
11 39 14
2 27 45
148 46 142
6 65 109
18 24 71
73 91 23
138 38 86
145 136 65
58 131 12
58 55 120
68 31 49
25 109 53
135 115 43
45 6 142
43 33 141
3 4 143
146 64 2
91 103 116
51 84 103
46 98 43
25 72 87
86 144 117
135 122 20
84 82 12
15 9 85
37 134 54
99 1 117
118 70 37
34 140 33
6 12 64
53 63 67
131 38 138
16 117 11
54 83 22
43 72 3
30 92 144
148 36 124
55 76 126
86 17 5
45 100 12
127 84 4
66 112 47
40 92 118
61 51 64
59 36 27
5 69 57
119 20 88
111 143 64
36 34 138
85 93 34
45 134 30
28 137 37
122 33 83
133 113 20
82 104 5
137 140 109
97 100 40
85 79 71
100 100 71
71 139 30
6 94 46
44 85 142
97 145 75
49 92 124
112 56 52
18 25 29
139 78 67
114 132 39
49 6 21
107 74 136
51 80 24
52 144 32
98 125 139
114 55 31
73 23 106
98 24 133
24 46 3
79 81 86
108 110 37
111 75 54
37 146 29
118 30 128
112 134 87
117 135 124
131 107 99
96 29 92
67 21 97
94 36 11
147 2 107
39 82 45
72 92 149
104 23 67
49 124 135
130 84 33
109 16 49
94 85 14
3 18 113
72 26 64
52 34 146
25 99 136
111 87 145
136 62 48
106 83 93
52 106 116
57 15 39
21 111 55
103 7 113
25 46 84
62 103 89
45 40 30
104 148 32
148 79 25
139 110 77
67 90 62
54 65 142
76 82 98
97 132 113
105 75 96
105 137 100
78 63 9
99 42 102
127 30 131
77 19 78
44 128 52
121 87 15
102 135 72
78 54 99
70 3 75
143 138 23
23 4 43
97 93 120
134 16 122
80 77 120
23 8 97
141 102 129
58 137 56
114 94 21
53 83 118
64 73 37
63 37 8
28 142 108
24 106 146
135 149 71
74 16 30
116 103 142
72 131 78
61 29 94
84 59 136
100 13 92
42 55 98
82 80 4
75 7 39
57 6 41
28 126 145
48 74 77
49 15 71
93 42 111
111 65 105
130 19 23
50 118 132
41 43 6
37 58 1
1 126 74
57 11 115
144 115 14
121 133 103
21 72 40
52 57 142
112 89 1
88 59 73
126 26 97
32 6 5
48 37 62
140 69 75
34 32 31
4 20 6
38 132 30
63 37 70
39 124 120
138 70 61
115 119 52
67 144 34
79 58 38
135 62 78
149 13 80
149 99 109
3 61 109
3 26 145
71 115 112
82 93 51
115 110 48
105 22 4
142 45 63
38 130 137
79 80 52
103 80 68
89 18 13
91 93 31
125 11 114
46 6 84
125 28 129
107 52 4
25 19 77
51 47 60
47 29 20
97 38 129
14 1 34
70 110 14
15 3 83
44 79 59
45 52 43
116 100 82
35 100 26
101 10 143
31 126 94
133 72 43
41 81 116
47 83 105
115 27 54
131 5 18
149 58 149
81 14 111
46 125 43
114 15 57
93 59 25
58 104 32
138 130 30
70 98 97
43 125 58
90 92 147
17 102 105
20 60 134
34 95 92
36 77 4
114 75 61
105 38 143
134 42 86
115 53 137
113 34 54
107 147 71
19 144 86
53 141 77
58 122 105
58 122 87
46 41 26
59 42 138
115 42 95
43 65 149
31 58 72
143 96 34
94 11 32
106 97 144
1 88 123
28 3 101
148 31 11
113 12 136
9 16 62
113 10 43
72 139 71
114 63 41
14 106 111
11 76 69
77 92 60
118 85 61
29 13 147
30 112 87
81 67 92
130 65 136
17 72 73
26 110 128
110 18 117
81 31 65
70 18 27
64 70 17
32 34 120
106 95 143
52 117 27
108 51 139
144 2 70
69 142 105
130 138 89
70 76 13
28 57 109
22 99 108
72 2 57
44 1 111
18 89 85
148 135 46
70 32 30
95 33 121
54 74 97
93 146 30
27 103 28
58 41 134
120 96 119
34 95 94
48 83 108
121 6 40
89 51 22
64 86 60
147 3 148
88 47 105
58 148 128
94 42 56
97 58 22
43 1 37
130 13 42
3 66 9
64 48 112
1 53 76
86 52 45
121 21 21
97 130 58
100 134 58
86 57 147
98 114 127
48 93 67
139 68 93
148 29 2
116 5 118
123 87 71
42 96 130
1 134 141
38 45 42
87 99 84
8 71 20
95 86 88
119 85 136
145 61 9
89 118 134
145 15 81
14 113 8
19 32 58
138 73 56
135 26 110
11 30 46
95 17 48
54 116 74
101 137 114
78 114 16
58 99 39
39 68 126
132 34 123
139 16 80
28 106 87
113 21 61
125 102 137
39 76 102
58 31 141
58 126 78
74 113 145
71 147 103
85 146 8
117 130 64
89 91 146
13 121 32
104 12 81
107 46 88
59 44 18
52 3 126
81 91 123
138 71 103
56 127 36
74 114 89
56 18 51
39 96 87
118 99 81
137 118 27
146 100 61
30 124 31
5 62 85
33 97 148
71 57 45
146 44 50
6 13 91
40 93 85
63 83 48
29 90 53
66 57 65
132 33 15
100 25 23
8 22 46
132 46 85
44 50 81
76 60 98
77 45 125
44 23 43
96 35 147
34 78 105
115 90 18
116 29 61
113 53 50
57 52 27
2 91 126
81 71 109
136 16 124
110 121 78
6 82 106
70 121 140
21 88 109
88 28 82
143 40 29
43 78 53
49 135 35
6 130 44
78 2 143
28 16 84
75 139 125
53 85 116
43 20 92
134 38 134
123 116 91
110 111 118
24 125 79
30 109 37
65 126 88
45 131 45
119 69 144
136 36 142
40 72 104
137 12 114
92 105 17
67 125 128
54 90 27
40 67 142
55 70 27
5 73 48
113 20 88
14 138 115
94 9 124
109 57 109
8 20 136
77 8 8
10 87 92
134 112 101
87 84 38
37 134 25
11 1 141
81 60 125
115 17 6
80 109 115
29 31 71
65 110 107
149 44 97
11 54 30
77 57 65
24 125 67
110 126 43
92 36 86
27 89 27
60 84 139
143 66 111
90 116 6
53 44 55
113 32 66
46 138 61
7 90 70
21 42 31
82 92 39
91 56 75
84 23 10
14 36 138
71 14 31
42 52 111
47 43 137
117 2 128
116 118 71
113 59 77
28 38 134
57 78 105
65 103 104
116 38 14
87 32 54
44 22 111
113 57 95
117 81 6
48 93 43
85 96 143
138 48 81
56 50 92
58 145 86
144 17 114
2 147 87
36 112 6
50 72 31
126 35 107
25 96 120
36 97 2
120 102 116
49 126 89
17 7 68
118 53 135
119 44 90
100 133 2
140 64 132
42 69 136
105 110 112
104 40 17
90 21 146
59 44 110
28 118 146
37 49 115
33 13 80
122 95 30
9 101 2
8 113 53
126 101 126
99 144 149
67 137 58
37 136 56
93 123 101
116 11 4
81 74 44
47 17 107
9 18 56
114 76 23
56 48 117
148 56 5
43 54 131
126 77 93
79 53 27
60 9 70
49 9 25
36 83 146
68 101 33
73 80 141
107 84 50
119 25 149
135 137 39
105 73 53
87 34 149
12 121 34
20 44 103
39 123 120
95 136 133
100 71 77
96 46 37
16 52 116
78 131 53
88 102 32
80 35 45
80 3 130
96 83 113
25 147 58
123 114 94
122 66 127
46 54 28
34 129 83
87 14 84
103 108 40
104 9 84
29 149 6
81 19 77
140 120 47
105 89 123
127 62 57
5 101 64
51 97 107
34 28 109
145 115 91
136 98 13
104 136 117
38 62 147
75 131 99
38 67 145
134 104 41
65 122 3
32 132 142
124 124 133
112 74 100
20 41 34
106 107 33
142 133 112
22 58 115
147 53 71
132 104 29
136 44 99
141 64 145
84 44 102
81 68 15
54 65 132
13 137 53
50 12 14
82 116 65
113 7 34
47 69 108
104 123 83
131 106 127
130 10 142
78 117 76
52 88 101
102 131 142
98 11 19
110 121 58
81 134 85
125 17 79
22 13 60
92 124 11
28 30 124
132 144 125
29 60 113
136 26 65
107 29 16
7 27 96
136 33 51
8 98 71
79 38 62
8 145 54
49 43 8
3 91 91
129 50 146
63 53 139
31 93 77
45 140 94
66 82 47
96 146 87
61 85 66
7 16 132
69 26 20
128 27 6
73 97 97
108 130 108
101 119 64
124 47 51
50 93 141
76 8 111
118 39 94
147 103 53
63 1 100
55 78 10
106 96 16
36 92 31
71 127 105
66 133 25
35 106 121
72 49 58
119 47 109
87 24 109
35 103 72
102 37 52
97 115 135
111 96 51
69 3 130
67 56 12
13 77 47
18 66 133
36 106 58
64 147 128
102 128 145
120 19 48
62 46 30
9 80 45
146 88 74
136 70 55
115 87 93
85 137 113
24 107 133
39 41 89
39 76 100
147 112 125
47 82 28
21 85 145
101 146 88
110 46 54
37 119 113
39 108 49
90 148 90
6 112 105
4 61 11
51 136 6
128 2 20
30 84 88
2 29 18
140 114 30
103 57 149
24 84 51
17 131 28
120 101 100
14 143 50
128 24 101
44 117 7
80 76 136
18 149 96
81 46 62
106 91 141
74 132 1
85 124 38
98 142 113
132 10 126
135 90 52
141 48 127
38 106 72
38 46 23
130 135 121
119 19 57
44 97 73
31 147 23
121 32 63
144 11 19
9 124 24
89 31 8
34 15 132
15 123 98
7 44 122
42 67 76
130 125 73
25 92 37
56 117 89
2 135 125
143 38 103
112 116 6
34 2 89
141 132 74
82 92 8
131 81 4
43 107 130
20 128 11
4 31 142
82 63 91
122 113 28
40 41 141
141 141 116
95 119 4
23 128 59
134 79 76
24 104 137
52 116 29
6 59 2
88 11 119
50 65 87
83 107 18
3 95 104
51 39 40
58 73 90
128 145 11
4 114 134
114 39 46
9 44 143
15 143 35
69 18 104
18 108 72
115 116 81
10 91 22
21 111 127
98 19 57
72 6 26
25 6 69
9 50 134
49 130 37
23 32 86
90 10 65
106 90 59
99 11 71
138 117 69
31 69 23
79 130 39
129 89 73
68 27 13
125 96 50
82 56 4
105 53 14
49 76 1
99 4 148
42 53 44
86 19 28
130 131 99
125 75 7
108 49 46
117 11 77
86 25 108
9 85 61
14 115 43
134 134 76
50 77 92
148 146 25
64 43 30
3 133 32
110 36 120
109 139 124
13 92 68
133 6 60
15 52 82
38 7 25
107 144 21
85 62 57
134 69 51
9 67 37
39 68 127
106 124 9
46 93 103
42 131 136
52 101 96
19 20 85
128 133 55
63 41 128
6 27 47
2 64 118
19 133 89
53 65 24
5 55 79
128 16 19
4 76 39
84 91 108
64 97 50
86 6 127
121 45 35
58 65 40
46 71 105
96 59 149
66 109 49
3 19 143
106 78 128
38 129 148
82 142 48
85 23 37
108 92 67
76 87 87
12 38 132
132 100 45
37 133 122
48 39 70
6 48 131
107 12 50
90 14 45
63 113 92
135 78 143
141 117 49
36 48 105
79 70 122
46 27 135
110 116 37
59 50 98
71 53 123
41 74 23
1 26 65
148 87 45
51 60 2
38 96 89
129 101 142
130 135 107
116 67 131
25 110 39
28 67 105
45 54 116
132 128 27
109 83 47
72 149 30
24 113 147
32 102 109
55 59 99
71 96 130
48 106 56
80 7 118
5 34 148
50 46 50
70 35 131
118 10 18
25 43 41
39 143 134
81 13 41
91 76 95
32 73 24
132 4 68
58 51 36
31 14 22
95 133 48
109 142 61
24 15 93
32 30 53
140 82 30
64 5 68
140 30 143
68 111 28
6 40 40
138 35 129
12 1 123
10 90 149
140 142 66
128 147 95
47 42 36
29 83 78
25 124 68
4 81 117
121 70 5
33 118 14
13 31 32
98 138 116
126 32 84
125 144 45
106 95 118
55 136 67
133 32 149
69 129 141
69 101 15
76 93 100
57 72 133
55 43 87
28 147 86
77 117 86
140 129 65
51 14 41
83 62 112
123 89 28
2 101 101
6 75 20
44 99 141
147 115 100
12 76 12
58 67 61
5 76 104
71 118 36
56 146 100
120 22 100
74 107 16
69 105 132
39 117 116
59 89 95
36 44 63
31 58 115
21 51 124
66 126 21
130 4 27
33 60 126
135 114 30
131 67 120
136 88 72
89 77 107
62 26 66
1 43 91
18 84 64
12 2 21
141 23 29
48 22 70
48 40 1
61 9 123
6 47 132
47 12 98
111 120 61
121 28 51
64 139 10
40 148 100
109 100 147
12 81 63
4 63 145
120 30 37
22 30 46
42 86 99
2 23 106
23 117 87
105 4 29
9 42 104
100 125 90
16 81 24
60 57 50
104 31 47
99 105 40
139 17 53
132 26 59
57 2 65
84 87 14
29 110 24
2 130 39
117 149 121
52 147 137
71 55 33
67 46 36
80 123 70
6 40 58
23 41 38
71 93 48
53 101 83
137 69 11
68 111 69
42 115 56
38 32 121
83 47 39
110 5 17
41 35 130
9 141 106
71 23 82
131 3 95
136 41 123
90 76 14
77 38 21
91 80 98
59 95 31
125 131 1
109 140 66
73 144 120
130 60 124
14 24 29
115 142 74
73 88 144
38 14 48
117 49 10
4 49 89
48 31 72
11 11 44
91 140 52
74 51 118
139 129 145
114 73 92
26 131 45
8 21 134
129 82 49
89 32 139
70 7 144
58 54 45
26 39 89
4 136 148
111 85 34
39 115 69
132 97 43
143 1 71
119 120 5
18 52 122
117 119 26
29 27 65
3 120 84
52 65 3
43 126 57
52 79 8
128 132 106
18 53 22
119 65 87
88 57 114
53 105 58
98 5 72
145 27 63
102 105 97
143 59 61
56 87 13
41 130 42
30 79 34
120 122 100
45 103 54
60 56 96
99 136 47
127 32 1
75 57 1
139 118 134
106 42 99
86 37 94
38 6 107
4 132 47
90 93 146
96 34 29
33 143 29
82 10 100
51 66 130
140 36 34
92 73 3
46 86 89
81 52 98
112 141 148
107 99 94
23 149 111
98 9 28
30 95 5
110 19 69
130 108 125
30 49 34
124 146 109
4 49 43
147 136 95
112 59 100
36 79 74
143 5 49
57 122 118
98 26 70
69 104 59
112 47 26
149 19 22
62 62 149
122 35 3
60 31 34
83 36 21
66 44 80
144 11 123
144 95 124
1 24 34
100 139 138
71 74 76
124 14 114
12 145 26
34 108 38
93 44 115
111 121 145
148 77 64
71 89 49
19 145 110
104 138 37
46 79 55
129 49 65
52 124 38
98 91 95
80 92 33
78 59 33
126 31 38
116 142 36
42 17 124
97 98 57
14 21 85
29 125 106
34 27 104
9 88 140
141 76 65
77 20 125
104 24 118
41 59 31
1 142 92
53 26 10
104 108 62
105 115 101
91 90 108
13 10 41
123 57 137
21 140 100
32 146 125
138 135 53
12 29 24
69 129 45
95 102 148
37 48 62
102 71 146
42 56 69
144 136 106
75 107 3
4 61 119
129 98 102
40 91 141
90 70 60
56 8 103
142 113 34
16 111 17
133 88 149
27 18 11
142 72 16
7 31 60
35 128 11
72 30 135
7 93 76
75 127 44
94 62 59
30 65 124
82 65 82
114 79 140
70 38 129
78 37 46
66 135 52
74 127 6
56 110 98
134 51 111
4 51 90
141 35 23
81 86 50
107 91 27
52 145 133
26 97 84
134 11 61
16 21 148
90 105 21
21 6 123
94 116 52
12 88 55
75 58 17
98 63 8
75 111 117
100 62 99
107 14 65
136 117 76
84 23 105
89 84 43
7 66 121
24 86 49
106 18 52
115 121 22
40 148 19
61 99 97
16 105 40
22 91 106
30 118 80
87 125 124
37 15 129
68 56 72
53 142 4
84 30 103
77 32 36
64 6 100
38 43 144
26 47 13
101 27 35
127 132 28
56 135 120
75 83 65
57 24 36
45 84 3
53 10 100
61 87 51
80 147 114
17 60 54
8 62 13
79 102 107
40 32 135
121 112 146
96 113 114
52 48 27
86 12 135
143 96 117
98 47 67
6 149 90
10 13 134
3 120 15
40 80 11
59 52 21
105 129 2
39 33 98
88 143 55
4 122 132
119 148 120
85 89 94
79 71 72
90 4 123
22 53 105
38 45 71
140 21 67
15 43 146
16 77 16
93 58 59
44 92 29
7 105 127
126 65 117
38 58 55
124 87 139
62 128 76
67 11 17
18 141 60
46 25 145
132 142 103
51 37 22
135 3 134
120 43 138
124 10 65
145 93 22
17 145 140
104 37 131
126 66 29
11 90 95
148 98 64
103 99 136
46 31 57
46 14 65
62 18 1
135 21 60
49 82 14
108 15 67
7 123 96
18 35 142
9 81 94
130 79 139
126 15 57
95 2 103
141 9 146
28 139 12
86 95 27
96 4 64
29 28 58
34 14 20
111 44 142
54 59 115
105 74 54
27 24 63
134 82 91
146 42 45
45 117 79
85 2 102
2 78 36
125 72 143
103 36 138
4 39 147
77 5 140
82 31 66
61 138 120
94 5 86
11 95 111
32 21 34
69 127 52
10 125 23
85 17 43
76 118 24
25 10 3
72 34 31
49 24 84
100 79 62
4 37 47
114 118 81
69 75 139
35 99 68
34 101 51
48 144 41
78 133 124
132 81 19
126 127 136
17 84 129
83 40 111
30 79 121
16 144 87
123 110 113
57 86 20
65 7 35
81 146 71
138 81 140
132 41 140
55 44 4
144 63 141
25 132 135
103 86 35
114 35 118
68 37 106
41 70 22
59 74 34
115 112 132
67 39 78
134 41 108
135 114 53
9 59 70
29 112 86
37 100 73
95 98 16
119 147 20
62 101 66
138 83 6
127 148 17
112 10 138
88 143 27
128 12 29
80 31 63
82 137 113
94 97 135
122 3 43
57 114 110
113 84 15
99 52 38
39 86 57
74 60 142
96 79 117
146 47 100
91 4 64
25 139 110
139 149 31
120 47 107
94 133 16
81 2 129
131 6 76
143 85 107
41 140 123
38 91 123
98 67 34
101 41 29
7 135 2
133 43 81
84 141 136
64 49 14
83 86 76
28 65 3
69 7 77
98 38 132
135 148 110
79 130 50
3 46 76
11 94 20
99 35 93
50 25 29
26 100 28
113 65 113
57 106 26
50 2 134
32 72 76
54 145 93
45 32 99
12 55 72
51 25 92
144 4 91
125 14 32
147 108 9
50 91 120
21 41 141
88 87 105
92 98 116
136 118 29
28 69 90
58 126 17
76 68 127
117 67 94
57 129 20
119 71 79
5 92 126
45 146 40
128 98 79
125 106 73
66 90 27
24 78 128
4 37 131
136 25 41
17 126 12
126 62 12
50 76 62
24 136 147
68 78 87
135 41 41
67 38 84
20 16 62
1 128 80
78 101 107
47 124 73
128 38 85
111 63 14
41 34 47
68 11 71
102 11 108
76 19 73
24 21 49
124 140 16
80 148 30
39 143 112
5 82 110
59 149 92
3 16 94
79 76 37
41 81 97
45 42 53
78 112 130
108 144 78
101 10 147
11 59 115
15 132 24
138 52 143
113 92 9
13 136 16
51 131 105
99 3 100
100 9 58
46 78 93
147 54 118
128 131 64
105 133 20
19 40 114
95 119 49
105 143 2
17 12 76
53 120 84
47 39 18
148 107 2
60 96 148
69 100 65
120 19 123
80 36 32
116 137 62
109 46 108
107 81 136
127 103 45
124 134 129
42 43 8
29 81 54
136 50 113
75 54 17
82 89 57
67 75 71
72 62 39
12 49 12
31 138 91
116 124 131
91 45 58
66 44 24
80 105 14
16 147 98
88 34 63
22 13 124
28 24 6
65 29 26
20 48 54
138 41 48
109 85 106
124 14 112
124 34 139
53 62 121
146 78 103
71 96 37
81 131 140
129 40 23
113 33 65
80 112 57
9 8 110
55 43 53
116 144 7
63 97 142
71 146 139
105 97 21
86 29 84
44 75 58
98 44 29
79 36 98
126 26 58
95 59 146
80 100 28
24 15 124
61 28 98
129 137 6
28 16 82
99 1 132
53 29 29
140 136 32
35 113 24
9 67 20
108 28 37
70 94 132
26 112 58
134 17 79
63 120 89
136 28 59
88 141 93
71 78 78
149 111 49
110 19 47
29 33 98
123 58 93
19 17 108
69 43 53
82 105 11
115 103 6
90 42 141
16 7 111
103 118 129
100 14 73
8 18 25
144 78 44
30 141 17
119 12 145
36 51 142
17 28 112
17 109 118
10 81 19
111 111 34
105 118 21
99 71 98
88 47 5
24 97 131
145 124 148
51 147 107
10 27 23
100 16 31
2 132 120
17 104 59
17 100 120
101 53 128
15 58 108
48 59 62
33 92 11
43 119 37
95 102 25
75 112 73
128 10 120
140 10 116
119 83 144
105 39 4
96 8 26
52 63 34
88 126 70
3 15 122
69 119 80
103 69 133
81 106 16
98 22 15
43 51 134
70 78 37
105 121 4
46 71 85
2 81 144
19 92 117
5 96 75
132 22 43
39 64 127
21 85 84
4 112 43
77 73 47
49 96 113
15 135 5
146 100 90
26 9 45
142 45 126
56 44 28
79 94 61
78 78 27
41 124 116
148 104 107
117 140 29
50 4 1
61 87 9
92 143 29
147 68 118
32 128 85
14 40 38
121 82 142
30 72 59
58 49 147
27 101 4
14 84 49
146 38 47
134 56 46
148 17 37
24 62 45
35 134 127
115 38 87
112 95 116
97 108 127
139 101 146
52 106 22
41 148 22
44 92 2
74 124 97
147 111 119
38 21 91
5 146 111
110 116 97
98 52 26
13 115 114
39 93 14
138 10 67
59 69 107
35 82 127
57 141 56
32 125 44
74 38 106
76 146 66
11 88 69
50 38 104
143 20 119
140 117 77
131 25 124
116 5 133
129 76 118
50 145 50
14 70 106
19 116 5
28 80 66
31 12 96
91 7 74
119 97 33
129 17 30
78 104 102
13 94 43
105 34 41
95 105 68
75 90 74
68 107 97
46 125 54
12 3 83
85 105 134
27 87 27
77 54 12
28 117 78
54 120 31
145 114 88
37 67 87
122 115 84
96 103 76
94 50 89
141 52 55
135 101 52
143 69 60
71 87 18
58 28 132
2 60 84
28 70 119
63 24 139
35 36 43
1 139 146
92 61 81
75 118 30
126 18 14
103 83 39
27 40 98
110 63 129
137 20 124
33 2 84
39 144 127
142 3 60
32 85 12
108 50 142
86 64 85
127 127 125
58 110 67
96 120 2
59 85 75
126 111 138
58 53 51
64 128 19
144 126 53
2 134 26
2 137 148
140 45 58
26 143 40
44 7 40
90 90 53
131 123 100
98 112 147
65 75 84
128 43 40
69 94 31
32 91 102
80 148 80
38 129 97
109 41 92
56 72 43
25 33 73
140 140 65
135 100 35
85 5 109
148 123 101
143 123 61
20 20 54
131 86 29
138 63 74
14 48 117
26 60 46
55 107 142
115 40 21
124 52 123
39 89 106
52 47 125
89 79 57
29 65 97
52 115 123
141 134 44
16 146 84
71 52 146
103 39 37
67 30 91
100 10 104
113 114 79
42 113 39
136 41 135
50 72 12
41 8 3
98 30 65
147 93 60
47 22 142
134 43 69
66 66 99
26 91 35
75 14 141
55 17 14
91 109 85
16 3 27
60 91 23
98 78 2
4 10 133
96 107 67
140 44 120
131 52 73
23 13 138
120 72 11
11 106 140
13 115 98
99 64 91
125 82 25
24 102 41
84 53 144
5 79 55
146 7 87
7 79 75
126 75 33
38 8 81
134 42 12
7 20 124
72 38 72
90 10 58
81 138 86
122 139 46
58 86 29
128 73 120
69 136 122
45 107 107
23 106 138
59 5 106
85 149 112
124 51 113
12 55 32
3 137 148
139 33 4
128 101 21
48 118 23
52 113 46
73 31 33
3 113 38
125 52 113
40 34 119
73 59 73
112 4 38
129 36 23
86 33 55
62 18 129
57 129 145
122 134 102
142 55 59
79 9 67
132 106 15
1 23 79
96 7 84
147 72 130
148 38 142
51 59 67
29 111 22
99 10 18
96 33 130
87 117 111
109 23 29
61 82 97
80 16 26
20 17 145
57 86 99
71 111 22
98 144 72
51 58 65
44 38 7
11 40 24
111 10 138
53 111 126
106 149 116
119 99 111
98 18 41
55 27 83
135 70 119
22 23 102
38 1 125
65 64 75
39 26 117
142 16 86
48 11 75
31 1 17
69 11 129
136 13 90
66 54 148
49 67 109
48 86 15
52 81 10
24 50 29
111 134 116
33 11 110
9 57 49
61 97 59
37 126 60
137 113 9
75 80 118
59 110 104
34 51 20
56 53 34
66 2 99
40 54 10
81 50 124
141 48 103
100 18 42
37 62 25
79 44 95
142 26 112
28 116 60
101 109 126
127 113 110
2 29 125
70 128 103
18 51 112
147 48 117
47 69 1
66 71 87
121 90 110
100 59 62
147 26 81
56 123 43
139 76 111
76 50 106
133 137 51
98 14 129
32 2 28
20 104 149
97 57 95
139 56 36
39 147 80
99 132 55
48 130 116
44 19 81
40 7 58
114 134 91
88 3 99
14 74 59
117 83 25
112 67 61
98 107 42
87 16 52
61 140 96
92 12 55
93 51 92
77 106 60
49 21 24
127 134 62
140 52 3
4 134 89
15 88 147
2 71 129
122 42 80
31 35 96
11 66 100
88 14 34
130 99 64
43 148 120
136 141 144
71 85 69
86 90 7
30 83 95
15 139 58
91 40 136
28 35 23
54 92 148
148 142 24
31 5 62
78 124 75
29 124 89
55 4 50
31 104 98
77 51 81
81 144 49
66 43 8
109 102 147
6 31 85
72 41 99
88 6 149
107 24 133
145 77 122
104 105 137
86 45 61
117 122 4
138 79 100
118 101 4
70 115 104
102 121 102
76 100 40
136 27 56
44 3 84
69 62 67
89 127 23
119 5 51
63 94 119
110 73 133
5 132 47
80 59 17
83 146 124
25 98 114
98 52 117
32 12 76
45 95 46
15 10 144
130 125 15
75 64 124
149 140 102
45 112 138
45 43 114
86 129 95
52 16 83
66 130 70
128 133 15
139 27 107
113 51 137
47 26 47
111 135 55
129 64 20
3 9 149
61 3 69
36 76 90
20 95 117
71 16 147
97 53 58
127 30 39
50 25 77
118 64 73
71 45 33
4 79 36
17 46 86
81 130 75
14 117 39
53 134 64
129 66 29
70 133 124
121 64 36
120 83 12
98 147 81
143 30 7
73 39 124
57 66 19
37 143 90
59 145 59
7 147 116
31 40 55
85 66 19
38 62 147
7 119 97
94 63 113
55 132 132
117 28 45
114 65 94
31 61 3
43 70 83
61 133 26
49 69 140
106 113 50
103 32 113
141 57 51
71 82 106
121 44 139
56 50 24
48 87 36
147 42 92
2 133 117
50 81 40
46 55 135
114 41 72
80 17 110
76 96 25
111 80 133
81 86 116
20 144 66
51 118 49
66 84 106
69 114 84
6 141 1
34 137 130
26 111 22
102 38 136
80 67 71
64 71 93
82 77 142
35 128 78
77 141 69
122 123 138
146 20 71
117 92 5
7 13 61
75 54 31
74 52 37
68 9 144
148 24 49
59 67 114
12 85 145
104 2 106
98 34 101
43 89 143
101 21 26
136 105 148
58 72 27
9 139 118
110 104 58
92 94 133
68 38 44
19 64 39
120 103 8
117 63 15
28 23 43
83 21 90
140 54 70
12 133 39
86 142 132
102 137 107
98 89 64
13 23 33
91 140 113
122 8 71
145 82 83
108 24 25
56 57 20
85 84 26
84 120 57
41 132 140
71 105 51
109 8 116
40 14 73
27 51 7
84 116 71
107 30 81
27 116 55
147 100 49
21 89 116
73 142 26
83 52 135
148 120 37
7 102 8
11 5 51
13 132 138
39 127 47
55 123 101
131 137 19
68 101 8
9 16 71
95 31 28
92 37 117
4 27 42
25 73 8
95 2 135
43 43 96
89 7 57
85 114 33
147 135 125
141 79 127
107 95 91
62 77 73
138 96 28
59 81 13
4 121 21
32 34 3
36 95 131
92 87 99
7 28 133
139 106 107
89 14 37
62 132 130
71 19 82
62 34 6
33 72 10
135 64 4
67 11 102
14 95 64
31 75 133
114 39 36
56 119 37
149 116 145
44 21 5
141 72 147
21 50 113
66 129 91
96 54 43
43 72 138
74 13 136
116 118 89
17 82 24
53 121 38
80 7 68
149 39 13
9 21 104
38 16 61
141 99 136
69 142 126
43 2 16
22 83 82
63 23 19
32 117 117
137 122 37
8 36 3
103 17 114
135 28 89
30 104 51
104 63 105
109 68 45
57 148 149
137 43 18
129 9 123
78 3 58
41 99 30
13 132 145
95 36 74
98 139 102
102 32 50
46 60 125
100 113 149
142 13 58
121 111 126
107 36 52
39 27 57
81 24 139
109 24 68
31 90 43
57 138 139
64 22 58
106 76 80
96 64 81
61 6 13
111 5 19
134 34 66
32 19 73
41 105 142
86 108 123
35 31 114
118 146 72
79 115 87
63 128 15
114 135 42
114 51 123
23 39 44
10 53 112
42 13 128
31 79 28
93 87 89
10 115 17
24 43 81
49 87 45
32 41 73
38 116 108
127 82 130
17 38 33
16 4 37
98 117 125
102 122 6
14 125 34
72 59 29
5 50 8
132 87 40
16 145 71
19 29 72
110 143 140
36 135 46
96 9 99
63 42 43
143 37 53
141 129 76
75 3 123
27 128 8
76 1 12
30 138 98
127 29 98
75 77 97
109 111 132
107 132 44
145 5 27
128 61 10
79 10 14
126 48 83
100 72 14
102 3 90
37 51 86
138 94 18
149 112 88
74 68 91
118 51 16
135 1 6
115 86 100
28 104 148
29 147 134
37 137 10
140 39 16
53 111 74
51 34 17
134 36 29
50 86 96
53 49 50
101 74 125
101 110 49
146 77 136
92 27 107
77 39 44
85 67 62
131 91 133
149 136 36
48 31 59
141 81 28
62 47 56
27 143 99
147 139 79
118 56 30
35 8 113
48 129 61
87 50 19
1 46 71
74 124 114
37 97 145
126 75 74
77 32 64
64 71 137
63 56 105
113 59 75
24 97 40
5 106 114
89 115 59
64 144 81
135 61 9
106 104 100
44 98 121
128 68 65
65 48 97
108 78 137
21 148 83
91 23 127
131 26 140
14 43 124
74 41 121
22 37 42
26 59 112
19 74 149
119 123 114
87 115 12
59 88 17
90 55 145
68 32 12
68 78 52
26 43 125
126 98 24
76 31 78
45 138 62
53 141 25
127 67 88
93 128 119
13 111 29
48 132 61
21 131 33
27 17 5
95 3 104
9 83 14
59 103 25
19 139 9
132 84 96
144 38 46
149 142 44
80 124 149
15 43 9
56 107 106
84 131 126
122 30 137
3 63 68
36 2 132
16 62 43
86 16 68
135 25 119
128 77 141
69 40 130
70 26 9
76 57 114
111 141 44
33 77 22
92 112 124
83 96 124
42 83 102
88 90 76
51 78 58
91 117 70
43 83 69
138 86 129
108 16 143
62 120 2
14 97 137
44 56 96
58 36 110
101 60 30
148 131 11
53 24 65
5 75 67
75 7 11
46 92 34
106 58 101
140 105 123
144 86 80
81 1 140
107 54 24
112 91 113
83 78 134
134 55 66
36 79 139
92 88 134
129 149 54
136 107 130
69 123 138
111 78 65
121 146 83
9 32 65
22 88 4
81 39 99
112 106 131
62 72 6
136 89 59
102 73 103
107 49 68
57 3 69
31 35 31
100 142 100
139 1 55
82 110 78
64 123 13
68 20 16
17 131 140
125 138 38
23 149 117
51 56 122
75 111 53
71 124 56
38 34 115
112 55 127
43 44 131
132 148 83
58 31 13
89 59 135
118 140 27
107 47 89
72 149 65
124 1 121
120 118 53
8 11 139
122 144 131
26 115 123
98 13 127
68 62 98
131 104 31
43 77 136
133 31 19
76 101 20
7 109 81
74 92 47
82 80 113
19 12 18
142 33 55
94 72 136
102 55 97
114 144 96
31 4 77
125 104 56
85 99 141
29 129 84
14 124 143
138 16 20
57 118 36
119 93 89
135 107 87
27 59 103
89 24 27
47 82 35
62 47 71
74 70 46
131 29 137
90 67 69
78 96 22
53 36 142
10 89 92
4 90 23
55 76 126
83 114 33
99 145 11
56 3 76
120 137 75
14 54 14
30 81 45
89 111 126
115 79 80
56 66 36
105 57 49
31 69 8
114 129 107
128 103 37
85 17 131
63 102 20
141 83 83
67 76 95
66 29 64
7 17 117
39 71 99
79 138 116
118 108 68
34 63 73
148 82 32
135 35 5
127 46 57
136 60 104
37 84 33
90 7 21
33 2 16
78 122 13
70 105 56
100 81 79
107 38 80
105 106 69
36 65 21
81 1 23
110 50 147
39 70 89
135 30 40
29 80 132
55 115 104
92 100 42
81 51 56
89 76 47
20 97 115
6 147 77
22 8 23
24 116 113
57 83 111
46 10 65
145 36 64
20 11 43
55 44 3
61 43 121
85 102 7
106 103 33
30 36 85
28 95 56
53 5 102
65 35 110
34 120 28
148 67 146
80 106 75
66 45 49
30 83 14
45 138 97
114 10 32
64 148 40
82 95 96
106 7 15
79 132 125
25 142 34
61 3 109
103 120 28
120 33 137
3 101 107
46 100 49
141 16 123
33 56 138
44 43 85
67 74 2
143 75 98
137 51 134
77 55 128
120 45 127
99 54 75
122 11 68
87 106 89
55 22 13
126 49 60
66 104 50
26 5 18
10 92 32
31 3 43
17 14 69
143 23 71
8 137 83
74 34 68
90 124 70
131 49 96
5 121 140
75 75 73
26 101 74
38 104 13
90 143 83
102 3 35
15 123 39
90 132 130
72 91 136
79 18 132
39 82 119
105 46 45
25 84 52
48 6 8
121 126 77
10 102 78
116 75 30
95 96 20
21 111 53
60 122 49
22 92 140
129 125 32
53 31 102
134 71 94
51 53 99
45 42 39
20 58 59
112 116 95
141 131 132
121 24 124
65 124 118
71 113 54
57 49 17
28 104 72
114 61 88
18 5 125
28 116 65
69 31 146
69 113 135
113 107 146
72 109 144
66 96 107
100 86 126
32 114 18
58 89 1
11 132 142
97 103 124
85 29 47
85 55 115
31 52 132
131 100 147
23 20 54
95 85 128
131 126 100
80 91 31
72 114 124
54 148 62
147 13 83
59 26 124
134 134 6
140 5 127
36 118 25
109 18 79
127 104 10
130 52 100
48 32 22
21 83 51
1 149 87
51 61 66
88 37 71
144 147 10
54 94 19
103 53 145
76 70 108
88 127 93
25 71 149
24 86 118
15 47 81
62 127 119
141 81 46
26 22 99
120 136 90
51 43 17
10 52 130
119 83 102
107 118 86
120 65 63
69 18 28
15 119 149
46 119 75
34 136 138
43 116 104
106 21 117
2 18 17
143 102 111
88 116 68
50 56 70
107 68 99
93 143 115
100 55 40
79 94 149
125 67 69
103 139 115
46 81 102
119 25 132
101 138 50
124 36 28
119 118 47
105 139 34
143 147 127
71 143 148
44 29 104
99 3 22
97 36 140
81 143 15
80 92 86
20 38 108
3 142 133
62 99 16
43 119 29
73 88 26
112 48 103
58 128 106
18 71 100
109 41 45
126 94 122
43 130 33
66 62 117
100 10 99
140 4 16
109 45 60
131 73 11
55 48 7
32 34 105
41 112 91
4 46 86
8 137 98
46 148 48
7 37 32
120 149 109
120 31 127
12 40 127
137 121 104
101 94 34
127 108 67
145 140 128
144 69 124
76 96 117
44 149 42
15 32 60
127 43 67
114 78 74
146 98 5
134 10 136
123 59 20
91 35 106
128 112 116
42 20 43
136 53 25
131 80 115
124 84 13
86 102 70
140 29 141
35 53 145
8 137 76
116 6 83
116 20 147
13 71 86
127 75 98
4 21 121
9 73 23
108 86 33
33 84 73
23 11 117
38 7 3
79 27 45
53 38 43
47 114 114
26 14 29
34 93 109
58 91 127
26 104 24
149 31 34
119 92 30
22 135 133
131 16 24
125 75 71
1 103 48
132 45 32
67 122 132
80 86 112
76 74 74
69 58 135
48 143 141
67 83 55
113 8 8
113 65 72
4 97 46
9 107 74
73 74 14
131 142 33
80 18 33
40 122 123
85 56 50
20 138 17
139 77 118
134 81 124
101 125 124
91 17 109
54 47 22
109 38 37
90 137 104
85 15 19
81 73 21
49 33 122
98 134 29
56 145 46
59 140 79
65 15 149
106 48 104
133 145 61
56 43 8
140 20 140
25 67 4
119 129 72
9 79 31
73 43 49
95 30 26
107 45 14
97 86 107
72 125 56
86 77 113
129 139 96
145 137 29
25 1 91
118 134 4
62 46 26
68 15 63
82 117 33
111 126 117
103 118 117
41 16 137
88 101 71
69 68 70
146 90 53
88 2 25
124 58 19
42 86 137
110 47 29
1 109 117
21 78 89
10 99 110
1 91 142
86 141 55
103 9 90
74 20 84
28 15 41
34 78 65
45 11 138
23 50 38
97 108 69
99 129 112
35 30 118
83 95 139
1 53 97
71 133 18
5 92 135
39 55 12
39 40 5
111 26 72
126 46 95
40 82 80
2 63 34
147 88 134
14 59 55
90 21 21
41 51 54
93 52 31
111 135 129
66 60 116
122 31 13
18 81 137
13 1 61
49 97 45
61 68 13
23 42 56
1 58 146
32 122 144
103 51 27
7 99 49
74 62 27
48 96 54
77 130 18
115 149 22
4 53 103
71 133 140
85 31 95
85 38 147
48 64 126
3 9 148
71 88 35
18 44 78
50 24 67
54 31 9
21 53 24
12 102 107
7 97 110
148 69 120
16 120 147
17 1 37
8 82 10
108 26 19
144 17 109
40 45 36
35 113 19
94 6 7
27 33 145
54 115 13
26 119 148
22 127 93
121 120 57
98 146 23
20 59 95
54 127 111
83 101 123
64 135 18
88 100 80
119 91 63
69 62 17
128 72 3
15 148 93
133 89 99
99 6 98
49 136 64
119 117 108
52 140 104
128 142 10
85 28 122
106 68 115
29 51 124
130 149 16
15 99 47
14 35 28
88 78 4
145 52 87
69 12 127
46 69 15
70 73 31
33 122 9
123 67 107
34 78 2
118 53 62
127 47 148
140 105 29
34 125 121
41 131 57
80 97 14
30 141 79
81 101 97
96 22 103
79 29 29
143 118 48
24 87 37
91 2 12
9 50 11
64 128 5
2 117 40
135 66 137
84 110 66
62 56 18
19 26 35
117 39 66
131 134 86
16 107 145
13 145 121
12 77 140
6 45 113
16 141 77
61 131 117
116 73 6
43 121 76
115 59 102
8 100 108
114 51 116
60 99 123
59 36 61
42 16 103
58 84 117
118 18 64
136 38 90
68 70 81
43 125 80
30 100 90
21 22 56
38 8 58
47 62 139
110 74 125
51 62 60
65 77 63
61 68 117
47 63 110
79 52 85
57 92 130
82 147 48
29 140 11
98 136 110
111 81 10
97 50 24
62 85 142
142 133 69
80 97 141
55 45 30
115 42 123
71 120 25
90 134 18
96 2 114
28 119 5
1 33 89
19 23 41
15 113 32
67 3 113
14 118 75
102 89 48
52 126 18
95 143 51
2 95 135
68 55 45
60 47 90
62 91 45
120 69 142
127 102 73
112 92 143
34 133 141
116 30 58
128 71 39
29 17 40
89 91 109
39 53 37
27 29 33
40 139 75
6 122 11
138 114 13
91 48 129
119 37 60
24 138 91
94 73 66
89 143 104
78 49 51
124 20 52
9 76 48
63 45 140
101 120 129
115 65 79
115 81 50
16 84 97
57 1 75
15 72 53
133 25 82
65 28 33
68 20 98
112 117 49
139 81 101
45 21 65
53 82 138
27 128 43
47 142 88
144 36 131
16 115 84
123 60 79
24 8 85
3 145 100
13 132 138
41 28 21
110 124 92
9 98 46
96 94 10
36 20 11
96 67 137
116 98 105
58 87 90
139 76 35
130 125 91
4 26 2
72 41 34
146 55 119
131 88 142
82 87 63
85 67 131
85 133 21
109 104 120
99 75 10
17 131 131
7 64 64
14 71 22
83 38 74
104 56 18
49 67 56
64 74 78
76 34 48
76 78 121
7 16 83
67 95 17
134 84 5
27 33 126
120 57 141
137 102 53
13 1 57
67 43 42
103 108 44
84 114 71
88 26 17
86 68 70
56 30 70
130 51 100
94 45 69
136 50 37
103 122 62
79 98 131
90 60 149
134 1 97
96 74 7
99 41 81
31 148 19
81 103 23
109 148 38
77 90 5
77 132 125
67 39 34
89 130 132
81 134 112
6 97 56
78 11 96
141 141 3
5 32 108
60 7 43
36 137 143
69 8 11
102 127 31
11 59 36
24 48 45
136 44 16
64 58 107
91 45 7
18 60 131
94 109 85
113 98 75
26 98 80
123 128 2
141 94 74
9 121 7
125 125 84
21 131 137
25 51 116
120 124 14
18 67 79
26 116 11
129 3 11
88 15 19
100 141 93
109 128 116
29 145 84
109 17 104
55 79 29
114 59 115
50 138 99
8 4 85
35 69 124
45 6 89
38 16 18
28 13 127
54 88 94
54 6 73
15 65 11
71 71 98
76 57 120
24 33 97
143 108 141
110 76 36
78 9 39
62 30 46
122 131 139
144 100 86
136 133 78
99 78 110
132 111 126
69 93 16
80 100 135
91 130 76
124 28 80
125 79 10
15 49 85
52 117 60
28 76 70
70 64 53
129 101 24
50 1 112
115 109 102
87 21 140
123 37 27
148 44 25
121 123 2
70 126 117
29 66 120
86 92 55
7 20 116
120 130 17
107 32 53
63 47 115
97 67 74
95 71 23
8 145 73
88 78 28
50 80 100
58 48 110
13 29 137
69 70 139
82 105 51
72 66 33
115 141 91
109 75 118
21 67 145
122 66 107
113 117 112
12 86 73
20 2 52
144 11 130
16 64 67
144 28 67
35 113 54
3 139 2
78 123 126
59 149 70
66 43 139
144 4 18
119 139 14
47 75 65
45 125 148
112 127 89
13 65 132
12 48 12
137 17 46
99 130 62
46 6 114
12 110 110
141 89 132
66 21 88
24 70 94
25 69 127
61 55 125
11 121 8
52 149 82
84 13 57
147 123 63
100 146 80
111 47 144
18 48 67
7 100 133
131 91 9
91 16 34
24 36 41
116 82 44
81 66 67
58 127 94
7 138 109
130 36 1
79 107 50
80 149 22
75 63 105
29 140 93
80 148 14
120 135 73
27 129 105
131 30 69
137 13 144
95 95 132
60 93 48
132 80 9
74 14 41
139 88 121
82 139 82
41 46 41
31 119 92
68 39 117
71 7 106
134 47 81
55 24 149
41 61 58
46 2 14
126 142 59
89 30 3
11 98 13
103 35 24
10 115 80
78 83 41
7 10 111
141 132 25
24 116 81
103 93 19
50 82 43
128 2 122
13 80 105
33 138 140
112 117 30
138 32 41
121 121 126
23 20 145
81 140 57
87 12 142
129 10 3
60 80 108
129 142 144
38 136 123
12 82 113
128 33 141
116 111 7
105 146 64
120 39 83
6 110 117
7 63 38
34 99 31
123 122 96
78 88 100
118 78 40
64 17 12
39 8 80
29 50 107
148 102 65
90 95 113
147 11 40
23 78 39
75 77 97
24 61 38
14 74 14
26 28 18
149 40 37
42 72 36
6 129 44
103 98 104
18 65 84
47 99 29
29 44 60
127 7 81
132 145 59
122 26 32
75 64 53
13 50 35
121 84 144
89 115 145
85 129 9
112 8 38
147 112 24
143 90 15
96 146 134
19 74 15
6 34 147
143 25 5
18 56 148
33 23 17
27 71 131
64 90 109
103 30 130
20 98 36
123 100 21
130 44 55
73 32 15
12 113 130
122 21 93
140 25 141
29 63 142
16 98 56
50 70 83
136 130 91
53 10 53
109 145 62
121 100 67
136 22 139
17 113 96
80 67 44
46 99 3
97 58 144
83 48 115
45 128 63
27 81 36
74 137 99
147 137 21
27 141 134
71 68 126
9 41 103
118 26 1
105 22 51
63 106 55
46 2 122
34 86 88
18 89 34
124 24 141
80 8 140
112 91 106
10 8 69
85 98 70
2 83 26
8 93 106
129 65 108
42 59 124
1 115 56
20 54 85
127 55 136
25 87 119
29 89 72
143 142 88
142 141 145
88 127 13
22 33 64
79 114 136
83 84 39
90 144 2
82 97 10
93 34 133
104 145 33
45 64 58
31 128 27
109 118 148
127 99 3
120 41 141
134 60 78
8 7 147
8 33 144
91 102 90
79 144 28
43 116 26
88 81 59
136 26 149
81 36 104
27 14 104
9 144 52
143 65 102
47 142 51
84 21 90
118 87 53
118 5 23
96 85 23
49 102 123
54 43 145
110 28 32
127 60 141
63 31 73
67 19 84
77 48 92
108 47 84
47 42 53
107 82 29
33 145 39
125 57 68
82 95 1
54 140 131
32 59 145
42 130 111
105 84 96
96 14 47
110 85 13
67 5 124
39 84 11
4 38 52
60 36 43
35 119 142
65 10 65
50 116 83
85 143 35
2 90 77
48 28 2
87 73 141
123 15 139
23 56 124
91 145 139
26 96 99
70 87 31
125 133 58
60 56 139
93 33 142
25 96 100
145 13 76
149 114 80
130 43 87
45 110 110
122 36 18
138 63 61
43 122 108
94 104 97
50 22 133
24 137 96
36 144 10
12 111 115
144 1 101
75 51 121
55 48 22
67 56 9
96 41 143
109 56 122
106 14 114
74 92 114
69 47 4
55 97 119
76 25 15
102 23 49
60 121 120
80 139 34
28 118 128
79 84 73
121 116 79
14 36 4
37 83 149
68 71 112
89 50 148
44 69 137
89 66 145
56 105 55
122 136 128
18 142 12
145 98 115
20 91 4
92 120 109
36 29 49
120 33 58
129 30 115
61 2 19
125 66 144
101 25 141
128 25 102
110 6 5
11 107 45
96 26 144
64 8 106
80 97 145
86 43 111
105 91 122
86 13 109
128 5 102
69 129 98
109 4 104
88 120 105
39 78 146
148 109 5
16 125 140
9 46 131
56 123 57
43 19 95
61 2 86
131 50 97
149 14 30
3 31 110
87 3 26
123 57 107
129 25 69
123 143 68
127 45 98
7 2 102
58 103 93
68 44 79
97 138 74
74 14 38
94 105 2
145 25 65
100 24 101
144 57 135
107 113 140
102 53 103
66 133 23
74 88 95
115 11 6
78 130 16
87 131 102
124 49 37
97 131 79
9 68 17
75 101 46
39 111 43
82 47 129
140 79 147
56 105 17
57 138 128
105 106 107
37 68 106
85 27 140
111 148 74
50 12 85
50 141 20
86 19 44
111 17 86
90 145 106
125 45 63
71 3 30
125 90 1
67 94 78
120 42 91
39 50 103
61 45 1
80 115 100
31 97 82
45 122 125
72 149 81
6 4 123
137 10 124
47 128 53
35 42 16
137 54 145
47 132 114
118 110 97
84 87 86
27 115 110
70 45 65
67 140 93
44 29 119
57 71 35
67 134 25
120 143 70
40 63 136
129 28 132
30 22 92
89 39 66
85 6 38
140 142 86
24 48 136
11 1 141
17 81 144
87 2 38
95 56 93
80 48 83
50 17 3
132 59 43
114 83 105
134 33 37
94 146 101
117 37 127
138 39 74
33 22 111
64 88 116
144 26 110
142 79 28
87 119 119
130 131 52
120 49 136
49 58 83
16 93 135
138 46 36
76 23 19
137 109 27
113 62 44
139 142 96
17 146 70
50 29 33
133 104 102
123 24 73
58 57 146
129 131 108
17 119 59
50 40 48
20 105 77
90 103 42
36 30 29
38 13 118
76 137 37
29 38 69
73 4 132
26 15 55
104 115 47
69 50 1
92 142 94
136 47 139
14 81 76
52 46 125
29 82 14
30 140 98
39 79 33
35 39 121
34 41 40
54 138 139
100 146 122
148 69 26
77 148 15
13 100 145
19 75 74
84 96 15
81 118 131
33 104 53
147 141 14
41 74 97
74 28 42
125 142 109
50 69 44
106 17 82
74 33 13
77 85 47
20 106 89
35 102 143
3 132 148
83 125 137
37 102 73
133 32 83
106 75 110
4 63 136
87 75 32
108 17 129
46 117 1
4 139 25
7 111 93
93 12 32
132 110 126
140 32 103
89 127 61
129 148 121
70 29 109
75 39 34
40 58 20
54 18 15
72 99 45
110 102 46
139 83 39
31 95 146
22 102 58
136 72 86
94 5 21
87 83 34
73 101 45
75 52 88
24 36 60
17 55 24
29 149 101
93 79 52
148 79 102
8 7 79
80 120 38
71 128 30
82 73 132
76 132 77
98 16 110
133 99 84
93 90 27
133 102 107
111 75 74
73 59 114
120 121 9
73 106 37
41 4 76
114 108 19
76 31 43
145 87 105
139 55 91
98 91 104
30 130 101
28 143 45
57 100 88
118 87 81
94 15 45
23 88 127
100 65 27
137 34 124
99 141 96
44 86 48
144 81 55
76 62 90
9 8 31
48 55 22
58 62 100
98 13 140
108 97 142
148 121 63
87 139 28
71 145 37
120 50 146
147 37 66
65 60 18
34 63 96
21 54 94
133 82 31
90 5 122
102 1 43
83 146 105
55 119 109
14 11 64
69 15 43
66 124 108
107 145 4
70 104 79
42 40 112
122 71 90
148 131 60
32 99 82
123 108 139
41 125 120
40 55 137
57 106 27
1 21 17
119 127 11
38 65 62
56 37 120
89 31 140
117 45 51
73 117 9
27 90 108
27 142 70
78 124 91
46 108 44
145 144 127
99 32 122
106 32 9
47 55 51
33 53 82
93 76 60
35 15 34
75 57 54
60 8 2
137 48 125
2 136 87
2 25 24
55 74 117
51 73 57
1 33 22
27 34 36
25 71 96
130 34 62
76 142 103
88 121 107
80 26 51
49 84 7
12 70 51
76 85 129
7 68 31
41 67 133
9 61 137
78 81 89
145 119 55
53 6 121
83 13 20
30 120 17
33 54 56
132 123 38
47 70 18
34 116 49
148 85 105
87 103 108
40 65 21
30 131 101
117 146 107
39 6 117
146 90 137
122 5 66
74 29 76
96 26 81
133 12 89
96 94 3
121 3 144
88 69 75
82 53 31
110 76 19
48 11 112
125 39 111
148 142 14
83 72 50
95 65 97
141 24 106
81 118 28
4 118 135
24 26 77
113 65 58
102 63 109
111 89 69
99 45 78
123 61 67
73 59 62
138 100 117
142 76 144
105 80 82
34 10 29
55 40 125
19 51 109
32 94 76
127 39 95
104 31 12
77 16 93
107 80 97
87 75 66
75 129 77
96 39 34
132 125 141
34 54 3
83 109 12
37 127 127
75 91 132
1 14 4
114 53 139
79 112 61
104 112 118
130 97 144
112 9 107
17 127 7
26 131 9
91 24 89
132 103 105
140 6 37
81 33 127
80 128 24
48 58 19
57 123 33
109 33 84
61 47 130
70 113 22
72 111 103
73 126 45
58 71 56
86 50 123
4 135 44
113 20 30
110 66 72
113 13 104
11 70 111
95 67 77
77 96 105
15 7 55
17 95 84
44 136 38
102 35 18
133 145 50
96 146 93
146 95 117
134 146 90
135 142 135
66 13 118
69 97 81
79 108 87
50 128 108
113 63 45
66 10 102
66 7 116
104 133 35
127 104 84
85 43 143
8 36 86
39 16 25
68 39 73
87 115 95
40 112 76
48 137 65
25 144 88
138 140 82
101 112 119
108 14 80
91 33 27
25 116 131
124 106 54
117 67 2
64 131 58
21 69 145
35 46 17
93 125 117
72 69 113
128 145 125
27 28 59
3 148 126
108 52 17
135 140 133
87 134 104
107 76 123
29 38 125
73 84 19
109 107 5
76 19 109
17 10 132
136 106 81
56 83 114
20 53 48
76 47 67
44 93 113
34 9 79
69 134 4
135 54 83
149 63 111
98 15 89
89 130 37
115 120 61
6 87 67
78 51 101
45 18 106
84 36 25
49 97 143
20 87 58
149 111 107
98 148 127
61 84 84
84 129 61
116 146 96
127 13 83
133 4 112
121 20 20
128 89 1
86 145 61
21 140 65
50 26 128
50 132 54
61 108 112
59 65 144
68 43 111
5 75 44
123 108 134
24 126 130
48 125 117
84 85 127
115 7 139
62 18 22
65 86 53
130 18 39
122 37 85
40 94 71
32 94 137
115 73 45
113 50 9
2 62 67
23 29 86
106 67 113
24 69 2
63 28 141
99 6 122
7 18 1
15 72 10
88 18 116
76 106 81
79 130 58
38 38 128
5 71 92
120 34 149
77 119 5
8 38 69
109 16 104
11 62 2
66 131 124
72 87 17
36 16 92
119 115 149
75 32 23
24 58 63
55 41 1
101 47 51
90 115 61
127 71 91
100 99 36
29 102 76
54 65 124
104 124 9
107 58 72
82 96 148
95 29 68
94 68 141
87 72 92
16 77 113
72 2 124
66 36 144
15 146 144
35 101 71
44 27 128
59 87 78
42 63 54
42 129 9
62 118 131
66 126 2
39 89 92
3 147 60
139 89 119
137 84 40
22 93 124
138 125 31
48 107 56
14 34 91
21 77 90
138 94 28
110 72 77
19 78 32
124 99 39
128 114 44
115 51 76
145 79 66
37 106 143
2 107 97
140 97 101
47 45 115
77 68 43
148 112 51
30 3 85
84 74 146
38 36 33
147 37 140
11 46 73
143 77 94
72 132 119
18 97 74
42 32 100
60 67 123
29 60 115
149 123 30
124 39 3
98 98 109
40 2 89
117 60 69
84 13 141
95 142 134
125 23 92
76 75 49
83 88 94
120 95 9
71 16 23
42 86 116
137 114 137
145 72 80
107 65 33
71 147 111
137 4 65
68 41 44
145 35 46
52 69 130
21 60 57
115 125 77
39 59 7
101 90 105
104 3 125
8 115 48
4 107 138
61 49 77
134 5 58
39 128 84
14 132 49
4 88 39
69 42 13
20 127 75
34 2 9
12 87 107
60 71 144
95 98 15
123 12 127
119 96 133
30 16 46
6 121 57
31 62 121
114 14 138
114 65 56
10 78 136
147 68 79
98 46 43
111 48 82
93 102 148
75 41 92
36 4 72
58 33 11
117 41 17
56 102 17
46 27 144
20 42 39
88 135 86
24 97 109
2 132 29
43 11 42
22 47 33
43 39 50
88 95 82
146 87 70
27 92 43
117 36 57
149 9 85
51 31 48
108 17 83
58 140 29
79 67 14
25 122 78
20 33 12
22 11 116
76 146 89
65 111 96
17 37 108
113 13 137
92 133 109
32 14 97
61 87 80
31 86 60
22 17 93
37 118 71
83 8 15
129 123 37
107 148 23
16 56 94
21 15 48
78 3 128
12 31 28
98 103 99
115 22 124
16 4 123
133 49 42
123 40 97
97 135 18
54 54 128
61 35 27
23 83 108
53 137 69
130 106 79
58 125 40
30 22 40
136 9 20
121 145 148
101 100 76
100 17 9
73 132 21
51 74 5
19 53 52
10 72 75
123 2 47
126 5 124
8 96 137
106 89 14
21 92 40
69 77 36
118 29 64
149 149 13
11 8 131
14 51 19
70 69 82
58 93 147
125 129 23
68 108 133
88 38 49
95 112 92
39 15 33
60 98 33
140 101 100
62 90 139
40 53 48
37 119 46
5 70 99
137 71 102
5 103 100
94 82 145
47 33 65
139 139 25
11 14 135
9 91 119
138 43 98
15 97 143
89 136 90
92 16 27
70 64 84
83 118 78
34 110 116
34 110 145
43 86 56
83 146 30
105 34 146
14 26 24
78 35 25
9 84 12
80 71 105
64 4 2
83 121 67
44 12 5
57 38 28
144 67 37
75 85 15
11 27 135
78 51 111
145 52 12
141 92 4
82 13 98
118 116 142
108 127 143
12 1 146
137 107 14
147 99 91
27 70 14
7 102 103
57 90 8
113 29 82
72 96 40
100 101 68
120 57 120
37 21 138
145 17 64
4 80 45
74 59 108
2 145 37
133 107 66
115 63 78
78 127 33
141 7 112
91 18 29
148 39 24
149 83 61
126 75 81
63 97 75
46 33 104
47 114 37
112 145 136
16 74 93
145 58 34
125 73 120
36 18 95
53 16 63
16 12 122
116 8 81
128 105 127
69 20 121
95 43 101
120 4 111
97 111 134
36 78 22
70 96 100
35 53 38
18 63 121
147 43 27
74 34 71
148 128 119
141 110 104
100 38 44
96 86 46
126 143 20
143 73 104
120 89 38
54 81 66
144 100 128
137 87 31
101 136 23
97 92 144
75 143 141
83 79 90
105 16 110
35 64 9
55 127 71
29 2 74
47 79 13
107 80 70
132 137 89
25 83 138
20 7 129
138 138 39
106 136 11
139 27 65
48 70 40
2 79 149
13 66 35
44 126 79
63 42 73
50 146 27
79 70 131
137 128 3
125 94 70
95 129 14
29 102 109
132 104 101
42 131 23
32 124 30
84 111 66
102 28 78
46 14 35
52 86 39
145 96 22
3 87 18
100 21 76
43 125 77
13 135 145
74 118 134
90 145 1
126 22 17
141 75 88
41 30 138
114 17 7
57 91 134
118 105 144
94 124 136
42 66 141
25 29 107
76 96 32
40 4 70
55 137 44
38 24 57
15 68 7
71 28 21
107 136 94
72 57 118
67 132 128
9 4 76
75 36 140
50 26 32
87 21 30
111 139 58
29 31 137
13 111 45
127 110 141
8 64 57
128 115 87
106 12 3
126 119 92
142 101 40
25 67 105
53 68 146
55 57 2
106 96 85
80 144 62
90 30 5
104 22 43
33 23 12
133 85 6
128 95 121
137 11 138
142 70 105
128 73 1
108 134 133
5 77 42
58 53 107
7 69 79
91 101 67
114 148 64
147 49 7
133 61 147
71 77 137
114 126 83
71 138 109
126 118 13
102 46 108
58 100 70
112 20 27
106 120 5
104 12 15
58 135 93
54 108 81
49 62 108
97 3 108
32 19 24
39 145 39
90 96 43
65 43 29
130 15 59
48 15 80
132 135 36
50 100 101
42 54 39
140 32 47
107 96 71
82 145 71
128 44 63
42 59 61
127 120 13
27 111 135
93 50 55
96 141 135
98 126 4
79 97 26
36 92 59
134 22 77
109 1 147
127 96 39
106 93 33
60 10 105
49 16 75
132 110 61
5 129 148
26 14 59
49 115 118
64 19 9
18 41 68
138 144 112
138 141 108
86 149 103
62 69 19
64 107 79
49 147 11
38 121 42
63 129 24
21 73 90
133 31 61
65 79 130
100 28 46
100 1 15
54 131 57
44 35 148
121 32 27
132 133 16
143 4 28
67 82 66
41 103 71
53 130 52
38 16 102
31 89 54
45 13 100
52 78 18
17 81 10
121 84 64
123 94 38
126 132 106
67 25 124
76 55 65
58 76 145
77 7 29
52 116 64
80 142 116
54 61 139
42 137 111
130 6 24
16 78 142
39 108 32
139 33 9
132 15 133
116 121 88
80 36 4
50 53 50
88 104 8
2 122 145
136 105 15
79 88 2
7 67 129
137 11 6
112 79 75
75 34 124
122 96 22
31 20 97
30 81 11
94 131 24
8 4 139
58 99 60
93 88 6
113 130 63
101 50 139
37 36 102
97 84 67
133 1 11
18 103 130
15 131 59
24 20 10
21 13 87
25 79 65
134 91 141
143 109 18
137 122 91
14 7 88
37 51 95
1 35 134
105 18 42
26 105 16
29 69 127
132 55 20
96 26 135
54 106 29
73 47 139
5 66 37
76 13 117
131 64 22
93 59 120
117 3 129
127 69 94
140 96 90
104 37 128
88 71 60
7 26 112
15 89 106
149 88 37
113 92 104
67 132 131
21 7 42
11 66 122
52 88 11
115 17 38
106 52 65
30 88 14
68 8 123
111 20 22
71 10 83
55 46 123
126 128 94
104 37 111
140 97 42
69 128 98
58 93 108
60 109 31
12 51 39
71 37 3
8 101 57
111 106 144
48 104 149
9 112 9
61 22 63
78 18 8
100 137 98
122 59 39
83 59 40
92 134 80
139 49 88
95 41 1
143 132 117
8 16 118
127 146 147
146 125 36
29 127 140
133 113 109
85 27 130
112 46 1
110 69 36
111 66 99
16 42 75
143 92 57
87 18 128
89 56 131
54 135 21
8 9 104
137 41 58
91 91 82
108 114 99
115 133 148
67 30 110
43 144 57
96 88 109
144 112 108
77 141 36
40 124 122
31 69 56
112 94 116
12 54 146
58 69 30
63 80 95
73 62 117
4 37 55
19 40 42
119 79 7
110 134 140
26 139 7
5 42 58
47 73 74
115 38 20
66 87 71
129 149 60
34 119 66
21 56 93
145 140 73
3 87 147
129 107 148
148 64 95
68 130 33
39 39 33
72 33 147
59 52 108
137 136 146
77 64 62
3 38 82
30 52 36
46 136 107
104 42 89
121 76 73
86 77 69
29 141 132
80 46 145
23 112 92
111 135 43
45 56 48
84 140 30
130 115 76
74 56 98
140 95 21
114 124 36
55 138 24
1 94 99
47 90 26
87 90 119
139 32 71
140 5 117
74 48 134
146 73 51
76 88 18
84 115 112
138 18 90
129 82 114
11 50 90
149 119 107
113 125 132
91 30 18
137 108 54
83 75 108
22 1 41
121 29 33
137 22 131
74 147 24
52 21 66
133 3 98
92 44 34
20 83 134
112 118 60
83 125 17
108 99 148
6 8 91
142 64 145
23 64 122
136 10 63
78 91 139
77 38 124
94 28 61
142 51 30
30 145 25
78 55 14
37 76 111
82 57 110
53 39 86
4 74 24
3 131 92
123 129 148
86 124 1
54 21 111
113 64 81
89 95 69
105 100 128
7 91 121
96 42 42
140 91 149
27 31 25
79 147 111
147 5 85
106 26 141
64 54 7
92 37 75
82 104 98
90 120 76
40 48 43
41 118 12
14 64 31
5 136 53
100 124 144
28 75 6
144 54 99
106 133 52
9 98 17
2 128 100
129 78 102
39 144 28
140 49 47
117 25 146
144 84 83
35 56 28
88 62 113
71 27 99
115 75 22
55 33 61
30 120 34
86 125 22
89 119 8
88 65 116
111 27 46
10 15 66
103 9 119
19 149 82
50 114 92
144 127 132
26 4 94
53 124 70
85 43 89
108 71 95
42 144 50
31 149 143
68 32 68
121 33 108
139 9 92
47 136 12
32 77 20
139 95 109
139 86 44
38 57 66
64 144 63
99 24 109
117 14 17
37 124 98
53 12 141
106 140 80
42 70 22
119 16 28
17 60 60
135 116 29
83 66 68
124 40 37
6 58 40
100 21 116
32 82 60
140 6 142
30 134 93
14 33 4
99 38 134
63 18 58
61 33 9
88 77 70
142 61 46
138 29 20
86 61 107
16 90 41
31 148 5
70 127 126
113 32 15
107 116 20
75 122 30
82 82 125
47 24 128
100 78 40
127 21 88
30 136 87
13 110 14
57 49 36
4 145 44
65 48 45
20 17 109
2 24 27
100 81 59
81 125 103
138 53 16
145 36 45
113 29 20
40 82 30
63 29 113
139 138 39
91 45 40
145 3 130
37 23 28
130 27 139
135 29 22
92 117 4
66 8 138
121 61 3
123 84 107
112 132 82
56 70 63
145 75 120
63 9 42
114 120 47
115 8 22
34 32 133
131 89 130
35 148 115
149 82 39
61 14 63
77 8 35
21 87 70
113 70 31
70 1 105
87 128 7
140 143 112
103 51 4
68 110 55
6 90 23
36 139 35
80 31 63
9 148 11
111 1 130
53 129 41
21 11 45
54 30 26
36 2 87
112 128 118
135 137 140
76 137 5
65 107 94
105 147 94
141 39 128
94 28 14
37 76 95
55 57 42
14 52 11
117 37 72
135 122 96
43 53 75
148 108 58
83 36 128
74 120 54
68 5 72
111 111 8
97 114 107
68 63 7
124 70 140
147 20 10
33 60 43
84 130 96
51 42 87
40 135 44
86 135 148
120 94 105
40 81 141
5 57 38
87 147 28
50 65 98
93 33 137
29 4 139
41 49 139
14 86 32
28 56 139
22 6 23
4 16 127
69 93 7
74 84 37
45 82 112
25 24 130
131 108 30
46 121 6
24 56 87
66 4 12
107 85 9
107 91 79
51 118 43
57 88 64
106 17 142
100 111 61
140 62 117
79 28 32
121 70 77
98 45 143
19 85 26
53 72 43
13 82 37
87 84 84
121 51 3
119 61 145
11 71 85
59 30 95
74 58 117
57 120 139
140 33 23
78 141 48
122 17 78
84 146 91
67 143 88
133 95 99
53 67 77
65 52 47
103 16 48
71 78 122
30 20 42
139 8 142
34 89 61
101 93 126
68 14 27
33 118 18
44 39 139
35 82 68
29 149 45
54 15 52
25 74 2
18 61 99
10 62 73
121 149 41
145 6 22
102 122 97
137 139 104
56 88 30
88 130 71
115 70 44
121 84 46
137 130 82
66 135 132
130 90 42
31 149 42
4 116 123
111 67 143
32 81 29
140 118 110
99 137 128
141 34 117
71 47 73
138 36 17
93 19 95
141 148 110
39 121 99
127 102 105
5 31 144
18 118 99
72 115 84
100 140 41
130 58 50
149 109 105
102 30 37
55 149 63
44 35 115
108 104 14
140 125 108
32 48 38
147 120 142
111 26 43
11 148 13
129 64 74
53 2 138
144 111 36
120 13 31
59 135 75
142 77 144
124 8 88
33 126 125
82 29 18
53 101 68
91 65 70
118 45 25
133 53 30
87 102 78
6 20 142
100 94 74
130 48 78
28 73 143
146 82 5
37 10 65
92 137 16
37 140 16
99 147 132
100 112 114
7 5 30
98 131 102
29 32 135
50 62 46
94 20 129
62 27 125
135 75 59
2 85 78
63 133 136
59 79 106
71 114 60
111 27 119
2 85 10
63 80 117
134 115 94
115 58 145
93 89 123
36 110 107
111 15 125
65 55 7
33 12 38
20 38 99
83 71 34
89 133 21
136 1 6
50 91 107
17 23 12
24 13 95
51 127 80
88 50 54
146 5 1
50 108 118
24 148 20
14 104 4
70 57 19
44 112 62
91 91 31
73 95 53
11 123 52
125 75 111
55 20 43
37 124 146
139 13 46
110 109 98
30 102 132
8 4 117
139 23 91
63 128 9
121 10 101
57 28 41
135 114 87
50 91 48
147 82 10
114 139 62
71 35 79
44 128 121
53 96 13
44 69 87
64 34 15
51 124 141
55 38 88
16 101 48
100 139 111
3 72 7
49 12 53
126 133 113
146 126 118
142 149 146
90 67 69
148 41 53
34 61 3
67 74 14
10 23 48
96 118 9
44 125 126
24 97 112
35 136 10
17 29 98
37 102 44
54 58 85
125 137 120
139 128 74
30 126 9
122 67 79
41 67 52
76 122 32
84 99 119
120 61 28
33 6 70
116 42 38
139 138 142
9 44 131
19 41 110
2 86 89
43 45 74
39 121 64
35 26 132
45 46 64
63 26 133
118 23 41
119 62 44
44 102 65
19 136 109
100 69 25
64 35 93
22 53 108
105 114 51
23 125 144
15 49 110
27 60 106
132 84 70
23 87 57
131 6 14
139 10 88
83 85 128
55 143 113
142 73 57
7 40 94
65 29 134
15 105 136
93 101 104
58 105 146
108 103 69
86 49 12
135 125 81
124 72 51
110 43 114
70 143 29
115 7 114
26 81 142
100 31 5
145 94 99
35 110 20
68 8 1
99 82 67
99 24 121
57 141 7
59 127 66
37 102 37
37 52 46
10 33 54
63 33 16
41 11 86
9 12 20
56 31 79
125 124 139
28 132 108
33 129 149
79 92 73
108 44 35
5 90 119
39 98 70
74 145 5
2 126 23
143 99 135
40 114 127
95 119 39
85 13 18
133 77 141
47 36 92
42 144 120
123 112 21
59 27 61
69 135 74
54 107 119
9 41 17
105 96 53
65 110 88
1 12 116
117 72 130
27 75 97
81 149 133
69 50 130
106 103 125
108 113 65
124 36 57
127 139 51
109 82 32
107 43 93
39 41 121
133 94 55
29 6 84
79 129 82
51 144 3
148 42 33
11 126 28
1 110 79
53 77 121
54 37 93
43 95 39
28 27 70
20 79 28
107 135 129
16 144 44
44 67 60
140 20 119
129 84 50
50 23 143
138 77 101
104 5 61
110 115 126
126 141 139
7 45 120
51 34 71
77 128 70
116 101 91
100 58 101
30 135 137
101 41 47
38 138 45
34 34 89
14 65 74
60 18 74
126 138 29
71 76 146
116 108 68
141 138 39
37 39 103
97 118 24
91 16 118
23 109 146
100 92 118
56 144 106
125 12 82
57 66 8
111 73 127
24 115 45
42 90 88
35 68 21
17 4 139
114 40 9
144 17 14
119 94 70
4 36 87
19 66 8
4 23 12
111 102 25
40 2 55
14 99 120
64 146 146
92 107 148
53 134 92
26 9 73
69 110 21
52 69 39
28 119 115
109 95 33
78 103 58
73 97 30
141 74 143
70 96 27
76 48 147
112 48 135
4 105 19
76 40 23
114 59 49
121 94 71
110 143 36
139 125 14
38 64 26
146 106 4
54 41 55
48 28 91
115 97 141
95 142 15
60 51 77
127 28 85
131 127 6
99 52 7
130 71 79
43 128 86
118 81 79
125 128 97
102 51 70
58 52 125
75 47 28
127 27 61
28 4 118
101 36 110
86 95 10
105 68 25
73 5 64
133 133 26
74 8 54
130 2 80
118 30 115
47 114 144
13 104 46
49 11 11
12 36 97
92 81 111
133 140 56
24 88 98
101 27 104
48 94 113
99 117 51
38 144 8
64 116 104
125 82 39
19 139 126
89 42 108
46 146 93
22 87 115
15 89 123
34 36 102
104 71 54
25 65 146
134 46 140
75 148 137
22 29 107
132 3 16
24 122 26
52 118 100
138 53 78
144 15 92
105 107 17
131 134 120
85 108 28
79 17 89
85 137 18
139 8 114
29 91 42
127 106 100
40 28 6
113 38 134
60 26 18
14 36 118
25 141 87
111 1 113
128 44 71
26 2 45
120 72 32
123 127 76
142 48 44
77 101 65
6 85 1
66 121 12
7 135 32
93 107 13
67 85 119
131 110 84
36 85 16
118 126 77
55 79 139
40 12 57
78 143 139
58 131 141
104 26 16
138 43 63
102 30 14
25 137 68
8 26 125
32 107 67
28 70 14
87 86 3
75 42 24
28 35 144
143 85 91
36 35 97
127 125 56
144 133 121
8 7 15
131 140 39
146 21 78
22 56 130
9 124 56
120 52 141
30 92 37
121 79 133
100 141 32
5 94 140
46 38 143
122 43 10
34 134 44
93 118 53
93 71 36
26 134 62
145 54 40
83 101 114
28 125 83
124 104 12
25 23 6
26 25 7
104 139 8
79 31 148
38 17 31
5 73 52
8 60 44
88 112 48
67 67 117
13 38 20
17 148 37
22 147 120
109 31 135
68 54 93
84 91 113
88 83 30
87 123 61
56 127 124
25 114 122
117 79 138
65 23 54
102 21 9
12 65 63
53 102 115
59 135 35
14 88 122
24 128 18
92 55 33
128 104 30
28 75 127
38 113 100
124 55 12
19 71 104
130 19 138
57 99 102
142 149 16
87 21 63
66 25 142
6 76 124
143 91 35
120 96 74
129 73 61
142 49 62
21 130 78
81 118 95
127 132 70
41 42 136
124 21 80
70 102 79
130 95 33
72 4 42
133 63 131
135 99 8
149 38 28
96 76 92
53 95 50
10 67 87
1 46 6
28 28 60
75 18 40
55 112 130
145 32 100
94 21 81
12 122 138
13 63 117
128 17 55
34 15 66
76 119 68
43 78 8
70 141 11
8 94 61
51 74 144
15 48 116
69 92 143
48 39 2
42 10 86
38 47 82
69 62 148
94 23 6
21 37 2
51 8 66
5 121 44
57 21 112
13 131 111
7 8 75
77 134 32
112 71 61
82 95 33
76 7 74
15 54 5
23 65 35
79 129 50
27 17 5
28 9 122
101 115 13
84 110 33
109 85 54
32 27 87
85 100 31
105 83 128
2 125 110
139 71 63
73 52 132
81 148 79
65 13 30
88 122 13
83 70 107
42 57 109
72 148 27
25 120 44
21 78 116
136 71 22
20 126 72
91 44 133
22 129 133
128 65 108
81 149 6
11 105 88
130 140 65
118 89 114
69 87 93
56 121 124
33 15 114
143 117 149
94 16 139
141 122 72
134 69 59
133 108 9
11 36 76
95 140 42
87 9 24
61 145 109
127 33 31
76 123 93
57 61 33
120 100 140
11 43 68
88 115 48
21 143 121
91 146 56
55 35 61
50 108 76
84 52 65
33 149 51
58 43 137
91 63 92
90 142 13
148 137 64
41 7 90
15 103 7
138 139 129
26 64 90
98 123 99
39 106 63
63 87 148
70 135 103
16 149 113
1 85 147
88 119 21
115 77 12
143 96 21
52 130 46
60 5 102
148 67 66
38 134 27
140 46 73
88 3 37
112 10 48
44 97 38
62 36 33
67 56 140
32 147 11
147 108 78
107 124 20
141 52 60
130 128 132
2 109 139
143 25 73
98 26 1
113 58 77
58 79 73
78 129 41
59 28 8
74 1 89
41 32 44
75 119 87
119 27 51
11 125 81
78 82 80
126 148 147
60 110 75
115 105 86
53 68 133
84 78 25
114 1 59
1 34 134
81 31 122
78 20 122
57 64 96
143 27 80
63 4 74
53 45 61
30 105 146
44 125 39
44 107 23
56 20 131
147 144 103
136 87 20
19 46 128
17 11 136
23 26 50
54 107 117
147 130 74
30 86 37
54 133 63
7 105 81
17 96 58
35 36 100
110 98 114
28 53 125
139 123 10
48 132 105
57 9 40
134 130 93
118 100 121
96 122 137
110 65 27
101 82 139
59 51 9
78 12 29
55 61 49
132 8 8
141 129 34
120 44 95
103 25 33
9 65 32
33 14 43
3 32 105
82 2 95
74 88 138
104 146 7
13 145 1
109 105 147
30 69 47
143 47 135
32 122 65
116 144 97
148 40 68
114 114 113
6 6 56
24 1 105
87 86 52
55 102 61
62 13 113
99 41 77
143 80 127
144 112 69
124 142 81
113 29 25
67 22 117
110 94 20
120 26 119
59 126 61
12 92 73
144 4 104
11 45 117
126 27 19
42 116 135
119 86 14
105 21 79
111 60 131
21 145 69
130 61 15
107 70 18
115 58 136
5 74 73
79 8 9
83 71 54
36 22 57
109 39 112
133 37 136
141 147 61
114 27 13
85 25 107
32 147 47
16 130 141
101 58 3
9 85 37
123 103 72
139 23 74
28 43 142
29 132 71
67 51 11
19 143 120
141 105 129
17 78 88
113 35 36
31 146 111
16 73 31
130 80 42
98 45 5
24 119 130
49 133 63
136 84 68
16 131 123
105 136 95
32 37 93
111 32 97
105 58 138
36 69 137
9 5 98
146 110 38
68 81 31
8 81 111
40 112 109
73 38 10
102 139 94
8 48 97
129 74 16
19 63 80
100 81 94
12 145 87
135 8 48
27 146 35
75 131 71
72 32 92
52 18 41
107 118 147
5 26 128
149 29 90
111 19 6
130 57 105
142 14 119
84 54 12
92 117 110
45 127 39
34 95 140
74 71 38
39 129 36
80 53 37
2 19 67
29 99 120
58 75 37
18 135 87
4 41 66
131 11 96
59 78 5
4 148 24
20 43 22
43 8 132
113 44 108
88 136 114
79 69 106
7 41 147
61 5 44
12 28 41
42 99 11
85 78 135
58 102 6
47 103 146
61 142 85
1 47 98
123 83 31
140 110 12
71 114 58
40 85 115
42 130 18
125 54 75
119 19 87
67 45 43
120 143 57
64 136 124
1 53 147
81 69 45
30 67 86
148 90 59
9 135 142
2 23 51
9 115 87
22 81 129
96 111 144
129 30 78
47 41 4
17 49 86
90 99 105
6 123 84
130 76 56
69 19 100
85 40 117
87 12 137
10 44 63
44 32 94
145 138 41
64 44 66
26 46 29
59 144 137
111 46 70
114 143 51
8 145 1
95 125 21
27 115 69
73 82 65
137 113 48
110 106 47
36 47 98
78 143 132
75 53 10
78 62 15
48 106 37
27 68 29
117 92 17
31 140 91
141 52 17
18 127 118
19 125 128
138 58 41
2 114 125
86 58 65
95 106 84
81 89 146
41 35 27
103 136 142
131 92 20
41 120 146
80 126 33
129 36 52
23 85 138
75 32 110
1 20 97
47 55 27
43 148 57
82 136 133
114 42 29
19 88 106
110 88 5
141 36 122
15 147 131
68 140 32
55 62 12
4 33 49
125 98 116
129 129 96
25 132 100
133 71 58
31 97 3
90 124 133
24 38 55
110 113 67
143 74 64
78 119 72
82 35 98
109 119 71
67 67 9
128 53 31
147 118 123
122 88 81
126 102 134
70 28 65
55 50 82
130 57 42
93 9 60
75 12 143
105 140 91
145 41 73
125 88 146
77 115 54
16 141 31
103 133 73
63 125 23
24 93 66
57 130 16
101 148 10
37 51 108
45 93 137
78 124 29
137 90 135
82 16 149
34 84 78
50 50 18
83 41 124
26 23 95
53 10 141
21 51 86
142 58 144
71 77 87
86 135 114
34 119 108
73 131 77
145 24 51
108 126 94
27 97 14
61 46 107
140 55 130
108 101 54
126 10 58
134 145 74
37 38 18
42 61 73
83 7 56
124 29 41
106 51 35
80 104 142
129 149 113
130 87 28
6 142 149
126 50 101
76 52 19
91 45 85
11 2 96
88 45 135
130 143 146
94 12 27
62 124 6
68 38 1
6 4 135
103 133 101
82 49 19
73 52 38
121 51 96
112 94 92
31 146 61
115 13 134
24 107 23
79 36 14
23 14 84
5 27 14
90 16 100
44 124 92
7 97 25
32 44 144
95 55 121
130 24 88
94 60 98
67 71 76
102 93 88
35 138 127
52 110 25
140 146 23
123 127 47
108 138 69
70 7 77
123 22 123
62 59 50
6 15 86
6 114 121
13 125 31
101 28 86
44 144 108
121 60 98
10 147 57
116 88 139
37 85 114
30 56 18
51 66 25
55 101 118
75 97 85
88 32 118
85 52 135
124 79 69
112 140 117
14 67 17
35 128 40
76 100 116
10 17 89
122 100 125
5 96 117
45 32 97
8 107 89
76 21 70
43 58 94
72 54 49
36 72 86
104 31 48
31 102 41
32 149 20
47 18 11
92 55 72
14 90 55
7 77 26
107 101 143
146 88 90
124 38 56
37 49 62
102 57 40
56 144 55
135 104 21
41 86 9
106 131 140
58 122 106
87 112 72
120 83 31
140 30 20
54 90 37
16 11 70
10 30 50
97 8 128
120 11 47
73 78 9
149 26 35
41 16 13
54 113 56
36 17 77
96 39 28
103 30 102
42 83 124
144 101 84
109 113 32
148 70 27
46 55 71
46 95 137
148 142 149
39 100 148
131 88 15
37 142 6
109 63 23
7 105 112
51 52 95
17 6 143
88 105 143
81 124 93
98 94 93
63 70 20
25 89 78
101 146 100
135 20 97
15 110 2
97 23 64
101 19 76
77 125 54
133 53 24
27 18 94
54 42 18
121 32 86
106 85 92
58 34 45
132 52 82
132 114 118
119 125 57
87 15 46
83 96 115
143 83 105
53 52 111
72 11 57
11 38 79
134 84 130
53 106 76
71 142 123
17 148 108
8 77 54
26 48 59
57 23 5
126 79 94
77 75 4
23 61 63
136 91 35
60 57 52
83 8 38
125 108 106
77 128 94
51 43 68
52 53 99
61 143 60
80 128 61
125 127 27
118 62 9
93 147 120
135 117 99
4 7 26
100 141 23
136 41 31
49 1 24
30 131 143
114 80 140
64 78 144
132 70 149
52 64 48
3 38 140
26 12 51
121 101 62
96 12 6
130 54 50
32 66 18
2 65 39
124 19 149
28 27 64
16 38 5
17 149 47
61 102 51
130 1 95
43 13 122
68 104 59
75 39 75
112 29 128
74 119 65
43 118 141
131 49 126
96 95 78
87 9 11
79 63 66
72 19 67
14 72 101
143 31 133
137 41 136
47 4 27
18 21 3
123 130 122
109 134 51
12 30 102
136 17 111
64 147 69
127 9 130
9 31 103
72 47 101
25 65 43
70 109 89
11 123 66
76 65 13
84 63 53
136 120 1
43 135 40
70 110 89
94 20 22
114 55 132
139 6 115
76 88 62
97 88 76
54 26 31
68 62 40
57 10 140
10 67 83
138 88 53
82 38 56
70 97 132
5 118 119
122 14 125
73 118 138
105 59 9
74 91 87
113 41 23
49 68 68
39 149 20
102 75 13
113 49 5
96 140 125
30 66 64
125 118 9
53 134 20
1 19 80
18 14 39
147 52 115
138 135 114
78 55 107
103 105 62
80 78 91
71 75 28
38 92 112
72 58 56
49 58 63
65 34 44
86 133 65
145 50 81
124 46 79
17 98 141
21 82 148
74 96 148
116 95 30
59 29 140
62 147 105
68 10 86
5 33 41
136 94 72
95 5 62
124 124 114
7 80 114
79 37 75
50 82 94
85 85 1
33 47 116
118 91 68
144 124 84
55 53 6
62 34 75
148 107 24
106 30 96
138 30 15
4 11 115
143 126 69
122 70 67
14 131 59
95 145 99
113 148 11
19 48 35
40 36 1
83 18 49
18 80 71
57 139 19
88 99 65
32 146 110
45 137 99
53 76 36
8 61 146
95 81 22
56 32 24
135 38 34
68 130 4
47 75 36
123 107 97
112 71 93
17 73 28
33 41 57
67 16 47
105 78 100
51 24 37
137 13 73
114 67 34
35 94 87
137 128 27
59 66 138
116 7 115
17 8 26
25 85 125
79 8 117
123 10 112
55 51 93
14 105 71
29 68 88
57 8 102
54 72 118
61 110 93
16 60 49
145 2 77
57 35 104
60 84 123
137 41 18
40 15 5
4 118 149
14 79 93
45 147 47
9 74 46
89 127 73
8 19 89
75 1 44
41 24 96
129 96 24
101 30 43
4 52 57
56 92 81
19 41 74
142 148 140
74 74 57
55 119 74
112 44 82
142 116 64
141 114 46
75 83 135
57 127 8
16 97 4
79 72 110
3 143 52
147 83 104
70 126 81
78 107 99
25 63 117
101 111 114
15 49 89
139 40 6
140 60 81
80 25 40
2 43 51
18 49 37
98 12 99
34 141 22
76 69 121
14 129 133
96 93 87
149 4 96
110 40 92
119 112 24
143 51 73
111 4 76
23 54 58
104 75 68
56 52 105
109 13 68
81 100 122
107 10 88
82 69 59
43 94 14
145 147 6
66 64 145
140 33 68
12 18 26
149 67 37
123 12 27
116 99 109
103 91 75
54 96 141
8 67 90
114 85 74
14 115 51
84 139 56
149 4 53
89 100 93
3 98 54
44 34 141
100 141 76
98 4 149
25 31 73
17 32 42
111 121 23
11 21 80
107 86 31
125 51 138
63 43 130
20 84 108
92 99 94
34 113 127
3 147 99
7 89 47
22 4 5
12 27 35
88 3 101
106 80 70
110 61 107
42 115 101
34 135 122
146 52 138
78 82 104
68 83 119
7 67 74
48 13 51
131 14 149
147 14 32
90 31 79
21 144 89
117 139 137
132 57 11
145 113 46
97 36 140
95 103 37
57 141 78
29 71 70
147 31 34
121 19 135
96 31 84
70 9 61
137 127 41
84 143 8
93 48 32
113 123 116
128 107 115
79 68 139
33 101 76
128 136 125
145 80 126
98 90 57
83 76 10
95 124 43
64 74 14
148 146 26
101 7 104
35 60 4
97 70 28
36 51 19
19 73 145
33 65 38
98 97 18
113 66 97
106 136 65
14 89 55
48 33 68
54 104 130
3 81 106
80 140 32
17 128 57
113 10 8
91 13 64
60 133 1
91 10 111
5 94 86
143 142 17
72 132 111
112 11 66
84 3 47
45 134 102
65 139 147
15 99 10
77 43 42
60 121 21
149 142 127
81 98 142
100 121 99
31 107 53
75 92 113
14 20 13
59 29 148
45 120 54
107 34 116
129 97 93
7 37 130
44 75 106
137 16 109
19 111 92
101 131 131
87 121 4
101 36 110
7 139 111
9 26 39
141 112 26
52 119 106
132 4 66
2 33 14
80 139 19
142 81 43
148 69 93
124 41 24
9 20 5
148 112 98
86 37 84
103 106 74
44 38 70
42 19 40
82 61 121
7 86 48
87 24 146
58 90 76
44 54 114
59 132 43
141 96 81
18 29 108
72 43 123
38 120 72
15 102 40
108 73 58
8 80 140
27 86 110
64 119 43
98 113 53
149 20 87
95 65 21
142 130 31
73 65 64
26 102 37
118 57 15
39 5 35
130 111 75
75 134 83
53 31 4
38 142 134
67 5 103
121 52 101
18 87 142
125 20 67
16 95 37
145 16 136
106 129 69
123 125 47
8 120 5
143 23 34
114 19 145
62 21 18
128 138 81
120 106 55
27 62 96
120 110 120
42 106 67
85 71 142
103 30 147
50 19 130
26 83 137
20 49 61
36 86 2
20 122 68
32 33 12
18 49 91
27 21 40
129 88 26
89 144 93
129 58 11
38 77 88
114 53 83
122 117 15
60 51 131
76 88 5
63 63 36
3 3 34
140 148 53
69 59 142
79 75 81
100 86 60
96 100 119
75 113 123
3 106 91
59 49 149
7 147 25
8 15 5
26 143 103
102 131 126
23 94 116
114 135 102
27 29 35
41 4 128
28 14 25
121 37 16
145 92 66
28 77 18
108 113 126
19 146 25
1 4 147
44 129 148
14 61 109
139 33 87
34 17 2
77 116 72
20 120 98
120 21 19
72 31 20
33 10 136
28 76 82
124 15 76
3 38 102
73 37 7
101 11 73
58 12 133
146 145 125
35 75 107
96 118 75
56 2 23
8 45 87
81 115 148
1 75 75
40 106 53
62 7 75
141 7 2
51 91 121
25 77 53
70 54 71
70 31 61
86 98 141
11 115 31
37 133 47
115 25 42
114 42 10
94 109 109
35 39 49
56 132 20
68 127 62
101 138 14
139 140 89
119 56 114
16 9 146
101 102 97
129 86 76
60 125 147
29 20 133
61 75 26
81 61 60
49 120 62
97 65 37
100 109 139
103 42 17
4 75 57
73 120 106
20 142 140
134 88 65
11 135 105
64 106 65
65 3 7
109 33 147
146 55 49
11 113 132
5 11 95
36 95 27
132 118 79
98 26 139
18 92 113
124 30 82
65 14 145
22 73 88
97 147 112
58 68 58
50 58 149
29 95 59
65 80 139
88 126 22
48 8 14
140 98 84
136 52 3
22 20 79
146 75 13
50 77 65
131 53 141
73 55 59
22 85 25
9 55 102
20 19 75
57 116 56
62 77 65
53 41 143
20 94 107
70 62 101
66 50 42
65 95 32
6 39 89
110 11 42
42 40 129
140 1 140
114 73 61
35 79 114
18 128 122
102 34 108
144 138 63
65 32 74
79 12 111
140 115 33
145 128 130
72 30 63
41 20 113
40 42 107
54 97 30
112 105 18
23 13 130
95 68 58
54 123 79
105 127 142
124 98 45
15 69 63
56 59 7
44 110 123
23 117 112
52 114 47
76 71 77
121 30 50
60 64 74
137 125 112
21 80 1
66 50 96
131 28 69
77 23 139
37 37 131
81 111 25
9 140 57
132 53 23
48 3 45
70 10 53
45 113 15
68 49 42
8 72 15
16 81 120
124 76 1
79 75 98
110 26 116
60 89 126
139 51 28
77 135 94
56 59 111
19 46 132
92 19 142
131 144 133
144 53 86
94 145 64
133 9 42
76 92 116
15 36 63
106 91 88
93 99 16
149 85 142
35 47 8
53 45 78
137 7 68
114 96 74
110 110 6
131 5 16
51 149 71
4 124 93
138 62 93
104 41 25
73 132 119
101 26 127
145 70 84
67 79 149
115 142 143
134 144 74
11 142 79
149 67 64
20 127 124
123 110 135
142 28 8
27 82 136
58 145 57
145 143 50
68 54 32
25 141 26
108 78 139
63 145 37
110 120 32
49 139 58
30 141 33
58 78 6
56 6 37
87 101 114
91 145 35
9 102 117
22 105 64
138 79 110
73 99 85
61 87 134
40 50 133
103 37 132
50 43 32
22 55 78
99 97 104
57 10 77
138 42 33
64 13 56
141 125 107
127 145 148
41 64 141
24 54 10
99 107 94
40 30 6
29 40 72
38 84 70
52 46 104
131 136 140
62 34 73
132 94 67
30 75 71
15 109 83
3 136 137
131 124 32
142 79 127
123 15 85
94 11 39
49 139 38
4 137 14
14 93 19
55 65 15
138 96 106
122 25 120
145 123 65
71 21 1
19 90 149
99 96 148
24 120 89
11 40 140
8 126 5
133 62 112
9 23 133
14 118 18
68 133 53
115 45 42
28 142 116
90 21 44
129 92 116
141 107 111
85 130 97
32 73 93
143 54 22
29 125 46
91 56 124
13 65 11
60 13 32
39 83 38
100 23 52
87 99 56
69 127 121
103 114 22
129 83 5
91 92 112
147 96 100
29 5 145
108 117 95
5 70 12
59 107 99
30 43 23
37 133 130
67 141 138
2 126 37
44 59 137
149 97 117
111 41 111
34 18 8
113 78 80
16 4 136
118 106 55
20 64 68
61 130 142
148 120 98
70 131 148
6 48 39
141 109 143
133 71 114
84 39 145
55 88 145
115 113 79
51 74 19
66 54 89
17 35 87
128 136 32
37 148 44
75 125 112
142 122 106
125 135 66
134 51 110
93 63 42
77 38 3
54 70 140
123 138 15
18 20 24
130 27 52
55 49 141
128 11 143
